6 0.079289 0.301536 0.094935 0.301536 0.094935 0.350940 0.079289 0.350940
6 0.054775 0.617137 0.069901 0.617137 0.069901 0.662120 0.054775 0.662120
6 0.086592 0.662120 0.097022 0.662120 0.097022 0.682028 0.086592 0.682028
6 0.137866 0.730335 0.153561 0.730335 0.153561 0.748259 0.137866 0.748259
6 0.197929 0.731614 0.210607 0.731614 0.210607 0.747404 0.197929 0.747404
6 0.221171 0.758499 0.257995 0.758499 0.257995 0.777274 0.221171 0.777274
6 0.224190 0.795198 0.255278 0.795198 0.255278 0.811416 0.224190 0.811416
1 0.329117 0.136361 0.463679 0.136361 0.463679 0.170280 0.329117 0.170280
9 0.010443 0.016166 0.395876 0.016166 0.395876 0.067045 0.010443 0.067045
1 0.528800 0.714497 0.726326 0.714497 0.726326 0.756970 0.528800 0.756970
0 0.516713 0.764395 0.992245 0.764395 0.992245 0.986351 0.516713 0.986351
10 0.336502 0.511693 0.389095 0.511693 0.389095 0.552257 0.336502 0.552257
3 0.275397 0.505793 0.316599 0.505793 0.316599 0.527179 0.275397 0.527179
2 0.086069 0.381912 0.123101 0.381912 0.123101 0.441638 0.086069 0.441638
2 0.092850 0.208625 0.126229 0.208625 0.126229 0.268352 0.092850 0.268352
