6 0.258162 0.194549 0.277697 0.194549 0.277697 0.210198 0.258162 0.210198
6 0.504557 0.374521 0.516277 0.374521 0.516277 0.394405 0.504557 0.394405
6 0.447477 0.715458 0.476463 0.715458 0.476463 0.729726 0.447477 0.729726
6 0.303578 0.652859 0.315624 0.652859 0.315624 0.672189 0.303578 0.672189
6 0.177910 0.720982 0.212746 0.720982 0.212746 0.737090 0.177910 0.737090
6 0.453684 0.233683 0.465012 0.233683 0.465012 0.252462 0.453684 0.252462
6 0.452361 0.268471 0.473522 0.268471 0.473522 0.288724 0.452361 0.288724
6 0.346509 0.488635 0.359260 0.488635 0.359260 0.536583 0.346509 0.536583
6 0.330232 0.487869 0.341626 0.487869 0.341626 0.554993 0.330232 0.554993
6 0.119603 0.359839 0.132300 0.359839 0.132300 0.410930 0.119603 0.410930
6 0.247223 0.368584 0.294756 0.368584 0.294756 0.384696 0.247223 0.384696
6 0.177552 0.283892 0.214666 0.283892 0.214666 0.301843 0.177552 0.301843
6 0.316439 0.160027 0.326531 0.160027 0.326531 0.196392 0.316439 0.196392
6 0.253280 0.176139 0.263372 0.176139 0.263372 0.189487 0.253280 0.189487
6 0.178725 0.193170 0.213561 0.193170 0.213561 0.211122 0.178725 0.211122
6 0.189794 0.077637 0.201841 0.077637 0.201841 0.094207 0.189794 0.094207
2 0.308788 0.693824 0.341669 0.693824 0.341669 0.750899 0.308788 0.750899
2 0.492837 0.407661 0.516277 0.407661 0.516277 0.444778 0.492837 0.444778
0 0.517729 0.766341 0.988222 0.766341 0.988222 0.984480 0.517729 0.984480
2 0.424037 0.286423 0.453012 0.286423 0.453012 0.322787 0.424037 0.322787
2 0.409061 0.403338 0.434129 0.403338 0.434129 0.445222 0.409061 0.445222
10 0.249178 0.285274 0.298989 0.285274 0.298989 0.318228 0.249178 0.318228
10 0.112441 0.283430 0.152484 0.283430 0.152484 0.317784 0.112441 0.317784
10 0.050128 0.216183 0.106125 0.216183 0.106125 0.251300 0.050128 0.251300
10 0.055010 0.182582 0.098636 0.182582 0.098636 0.212004 0.055010 0.212004
9 0.010539 0.015174 0.395029 0.015174 0.395029 0.065807 0.010539 0.065807
2 0.469901 0.291293 0.501819 0.291293 0.501819 0.325800 0.469901 0.325800
