2 0.175075 0.367760 0.200861 0.367760 0.200861 0.412168 0.175075 0.412168
6 0.282027 0.780448 0.311652 0.780448 0.311652 0.798399 0.282027 0.798399
6 0.267051 0.746389 0.279422 0.746389 0.279422 0.763420 0.267051 0.763420
6 0.381821 0.283581 0.399168 0.283581 0.399168 0.339258 0.381821 0.339258
6 0.274932 0.382343 0.318532 0.382343 0.318532 0.400899 0.274932 0.400899
6 0.253836 0.383003 0.266026 0.383003 0.266026 0.399576 0.253836 0.399576
6 0.211642 0.377038 0.224301 0.377038 0.224301 0.408191 0.211642 0.408191
6 0.194296 0.311419 0.207424 0.311419 0.207424 0.356491 0.194296 0.356491
6 0.360097 0.682630 0.373868 0.682630 0.373868 0.706683 0.360097 0.706683
6 0.175075 0.285571 0.188203 0.285571 0.188203 0.320038 0.175075 0.320038
10 0.338222 0.379689 0.401512 0.379689 0.401512 0.396272 0.338222 0.396272
1 0.337753 0.397585 0.400106 0.397585 0.400106 0.417469 0.337753 0.417469
11 0.350411 0.328653 0.365893 0.328653 0.365893 0.361795 0.350411 0.361795
9 0.011998 0.016792 0.394151 0.016792 0.394151 0.065383 0.011998 0.065383
0 0.518558 0.766837 0.989093 0.766837 0.989093 0.985407 0.518558 0.985407
1 0.518067 0.743553 0.639567 0.743553 0.639567 0.768960 0.518067 0.768960
2 0.344785 0.227244 0.375728 0.227244 0.375728 0.276953 0.344785 0.276953
12 0.358858 0.449962 0.399228 0.449962 0.399228 0.487247 0.358858 0.487247
10 0.151669 0.573321 0.212030 0.573321 0.212030 0.610226 0.151669 0.610226
6 0.210469 0.226365 0.225997 0.226365 0.225997 0.291265 0.210469 0.291265
6 0.388694 0.579511 0.404896 0.579511 0.404896 0.639641 0.388694 0.639641
6 0.212581 0.227907 0.225709 0.227907 0.225709 0.288222 0.212581 0.288222
6 0.363091 0.681026 0.373510 0.681026 0.373510 0.704962 0.363091 0.704962
6 0.392066 0.590811 0.403462 0.590811 0.403462 0.632237 0.392066 0.632237
6 0.349417 0.600017 0.362114 0.600017 0.362114 0.619808 0.349417 0.619808
0 0.514746 0.764521 0.991899 0.764521 0.991899 0.990154 0.514746 0.990154
1 0.513936 0.741614 0.641122 0.741614 0.641122 0.767958 0.513936 0.767958
6 0.349086 0.600188 0.363149 0.600188 0.363149 0.621399 0.349086 0.621399
6 0.280706 0.777695 0.317160 0.777695 0.317160 0.804036 0.280706 0.804036
6 0.265314 0.744480 0.282327 0.744480 0.282327 0.771966 0.265314 0.771966
6 0.176715 0.282678 0.186843 0.282678 0.186843 0.323718 0.176715 0.323718
6 0.194267 0.315127 0.208445 0.315127 0.208445 0.359032 0.194267 0.359032
6 0.256376 0.383847 0.265827 0.383847 0.265827 0.401029 0.256376 0.401029
6 0.274603 0.379077 0.317808 0.379077 0.317808 0.400075 0.274603 0.400075
6 0.378568 0.283632 0.402196 0.283632 0.402196 0.344716 0.378568 0.344716
