10 0.370963 0.849107 0.427900 0.849107 0.427900 0.875534 0.370963 0.875534
0 0.501792 0.740342 0.978706 0.740342 0.978706 0.968639 0.501792 0.968639
6 0.119441 0.769839 0.141171 0.769839 0.141171 0.798721 0.119441 0.798721
6 0.071630 0.709005 0.091190 0.709005 0.091190 0.759391 0.071630 0.759391
6 0.221275 0.584508 0.235184 0.584508 0.235184 0.607859 0.221275 0.607859
6 0.220839 0.449935 0.235184 0.449935 0.235184 0.472055 0.220839 0.472055
5 0.097567 0.381101 0.137622 0.381101 0.137622 0.448352 0.097567 0.448352
6 0.358798 0.539990 0.374642 0.539990 0.374642 0.570571 0.358798 0.570571
12 0.657646 0.349956 0.722842 0.349956 0.722842 0.404648 0.657646 0.404648
6 0.402170 0.271672 0.416512 0.271672 0.416512 0.302394 0.402170 0.302394
6 0.359141 0.285804 0.375656 0.285804 0.375656 0.356471 0.359141 0.356471
2 0.125907 0.281833 0.160331 0.281833 0.160331 0.320917 0.125907 0.320917
6 0.099308 0.118871 0.115999 0.118871 0.115999 0.148369 0.099308 0.148369
6 0.231265 0.096546 0.257552 0.096546 0.257552 0.119908 0.231265 0.119908
8 0.300552 0.809781 0.434852 0.809781 0.434852 0.889049 0.300552 0.889049
