8 0.249153 0.716467 0.412504 0.716467 0.412504 0.819111 0.249153 0.819111
6 0.368820 0.566659 0.380711 0.566659 0.380711 0.586125 0.368820 0.586125
6 0.335022 0.567544 0.345036 0.567544 0.345036 0.582585 0.335022 0.582585
6 0.298096 0.567544 0.309361 0.567544 0.309361 0.585243 0.298096 0.585243
10 0.339403 0.793184 0.396357 0.793184 0.396357 0.813543 0.339403 0.813543
10 0.340029 0.745404 0.408249 0.745404 0.408249 0.770178 0.340029 0.770178
0 0.500752 0.740359 0.977042 0.740359 0.977042 0.965116 0.500752 0.965116
2 0.232254 0.297038 0.263546 0.297038 0.263546 0.346594 0.232254 0.346594
2 0.232879 0.379333 0.262922 0.379333 0.262922 0.421806 0.232879 0.421806
6 0.182811 0.383755 0.200334 0.383755 0.200334 0.456317 0.182811 0.456317
6 0.205968 0.575773 0.220987 0.575773 0.220987 0.608512 0.205968 0.608512
6 0.319250 0.412073 0.341156 0.412073 0.341156 0.434193 0.319250 0.434193
6 0.222866 0.627096 0.241016 0.627096 0.241016 0.672223 0.222866 0.672223
6 0.312366 0.628865 0.333645 0.628865 0.333645 0.650988 0.312366 0.650988
5 0.421268 0.512062 0.450682 0.512062 0.450682 0.568694 0.421268 0.568694
