8 0.305298 0.423075 0.512949 0.423075 0.512949 0.632555 0.305298 0.632555
6 0.175300 0.620636 0.187192 0.620636 0.187192 0.642756 0.175300 0.642756
6 0.079028 0.607931 0.097054 0.607931 0.097054 0.700311 0.079028 0.700311
6 0.051239 0.517674 0.070767 0.517674 0.070767 0.564395 0.051239 0.564395
6 0.173660 0.483694 0.184175 0.483694 0.184175 0.505992 0.173660 0.505992
8 0.429782 0.064819 0.571277 0.064819 0.571277 0.165482 0.429782 0.165482
6 0.166901 0.397685 0.179669 0.397685 0.179669 0.416799 0.166901 0.416799
6 0.172666 0.317127 0.182059 0.317127 0.182059 0.335708 0.172666 0.335708
6 0.180181 0.256070 0.192700 0.256070 0.192700 0.279962 0.180181 0.279962
6 0.169545 0.231293 0.177678 0.231293 0.177678 0.248991 0.169545 0.248991
6 0.398612 0.077326 0.409877 0.077326 0.409877 0.098564 0.398612 0.098564
6 0.363561 0.079097 0.372949 0.079097 0.372949 0.100335 0.363561 0.100335
6 0.327262 0.079983 0.337900 0.079983 0.337900 0.096795 0.327262 0.096795
6 0.209596 0.132189 0.250905 0.132189 0.250905 0.161389 0.209596 0.161389
6 0.260293 0.172893 0.287830 0.172893 0.287830 0.195899 0.260293 0.195899
6 0.160152 0.195899 0.185813 0.195899 0.185813 0.218020 0.160152 0.218020
6 0.080668 0.128649 0.100070 0.128649 0.100070 0.212712 0.080668 0.212712
2 0.101947 0.123341 0.133241 0.123341 0.133241 0.172893 0.101947 0.172893
2 0.091933 0.037507 0.124478 0.037507 0.124478 0.081751 0.091933 0.081751
6 0.028994 0.133116 0.045215 0.133116 0.045215 0.205746 0.028994 0.205746
6 0.178166 0.423170 0.193938 0.423170 0.193938 0.445469 0.178166 0.445469
0 0.502213 0.743071 0.975269 0.743071 0.975269 0.965763 0.502213 0.965763
6 0.453186 0.874326 0.469354 0.874326 0.469354 0.907510 0.453186 0.907510
2 0.415634 0.849993 0.445885 0.849993 0.445885 0.894976 0.415634 0.894976
5 0.434410 0.690718 0.468312 0.690718 0.468312 0.739384 0.434410 0.739384
6 0.210660 0.891286 0.280549 0.891286 0.280549 0.922257 0.210660 0.922257
3 0.441783 0.553034 0.500365 0.553034 0.500365 0.589135 0.441783 0.589135
3 0.441033 0.496754 0.501115 0.496754 0.501115 0.527548 0.441033 0.527548
10 0.434272 0.462777 0.508626 0.462777 0.508626 0.492507 0.434272 0.492507
10 0.503534 0.139405 0.559071 0.139405 0.559071 0.162445 0.503534 0.162445
10 0.498706 0.104412 0.566313 0.104412 0.566313 0.125749 0.498706 0.125749
