10 0.747954 0.550465 0.803986 0.550465 0.803986 0.581009 0.747954 0.581009
6 0.197733 0.405626 0.266369 0.405626 0.266369 0.427103 0.197733 0.427103
6 0.111659 0.180537 0.127412 0.180537 0.127412 0.252120 0.111659 0.252120
5 0.103783 0.072363 0.139790 0.072363 0.139790 0.126450 0.103783 0.126450
6 0.238803 0.481187 0.262992 0.481187 0.262992 0.504254 0.238803 0.504254
2 0.125726 0.518570 0.155542 0.518570 0.155542 0.556748 0.125726 0.556748
6 0.030651 0.475619 0.049214 0.475619 0.049214 0.525728 0.030651 0.525728
2 0.079594 0.635489 0.107160 0.635489 0.107160 0.682418 0.079594 0.682418
6 0.364550 0.757288 0.396780 0.757288 0.396780 0.779381 0.364550 0.779381
6 0.404267 0.658786 0.420220 0.658786 0.420220 0.739795 0.404267 0.739795
6 0.481101 0.578694 0.493147 0.578694 0.493147 0.599408 0.481101 0.599408
5 0.380571 0.081111 0.430077 0.081111 0.430077 0.138379 0.380571 0.138379
10 0.410951 0.213940 0.430639 0.213940 0.430639 0.275185 0.410951 0.275185
2 0.279308 0.363471 0.311374 0.363471 0.311374 0.406423 0.279308 0.406423
6 0.361444 0.325294 0.376633 0.325294 0.376633 0.374607 0.361444 0.374607
6 0.174669 0.367449 0.241616 0.367449 0.241616 0.391310 0.174669 0.391310
6 0.526679 0.581457 0.541004 0.581457 0.541004 0.600328 0.526679 0.600328
6 0.577141 0.578694 0.588537 0.578694 0.588537 0.598488 0.577141 0.598488
8 0.678420 0.514196 0.812762 0.514196 0.812762 0.616324 0.678420 0.616324
3 0.756055 0.589596 0.797235 0.589596 0.797235 0.611549 0.756055 0.611549
0 0.502143 0.743581 0.978643 0.743581 0.978643 0.965492 0.502143 0.965492
1 0.297395 0.904179 0.503466 0.904179 0.503466 0.966707 0.297395 0.966707
10 0.234301 0.038957 0.291684 0.038957 0.291684 0.062818 0.234301 0.062818
