6 0.344076 0.353362 0.377455 0.353362 0.377455 0.377695 0.344076 0.377695
6 0.226214 0.295886 0.246437 0.295886 0.246437 0.317223 0.226214 0.317223
6 0.597363 0.618981 0.616488 0.618981 0.616488 0.664453 0.597363 0.664453
0 0.500890 0.741614 0.977054 0.741614 0.977054 0.968851 0.500890 0.968851
10 0.358897 0.860000 0.414233 0.860000 0.414233 0.880982 0.358897 0.880982
10 0.354119 0.824087 0.422281 0.824087 0.422281 0.848622 0.354119 0.848622
8 0.286207 0.782479 0.424545 0.782479 0.424545 0.883827 0.286207 0.883827
3 0.773919 0.650619 0.830784 0.650619 0.830784 0.675708 0.773919 0.675708
10 0.765588 0.579952 0.840561 0.579952 0.840561 0.605554 0.765588 0.605554
8 0.690252 0.541033 0.843822 0.541033 0.843822 0.714627 0.690252 0.714627
6 0.563507 0.540233 0.574071 0.540233 0.574071 0.559008 0.563507 0.559008
6 0.544794 0.541512 0.554151 0.541512 0.554151 0.557302 0.544794 0.557302
6 0.332080 0.172627 0.345849 0.172627 0.345849 0.191211 0.332080 0.191211
6 0.291398 0.185899 0.302039 0.185899 0.302039 0.208023 0.291398 0.208023
6 0.221928 0.185899 0.235070 0.185899 0.235070 0.205366 0.221928 0.205366
6 0.201899 0.169973 0.213164 0.169973 0.213164 0.192093 0.201899 0.192093
6 0.161217 0.185017 0.173108 0.185017 0.173108 0.209791 0.161217 0.209791
6 0.034165 0.189439 0.051064 0.189439 0.051064 0.225718 0.034165 0.225718
6 0.076098 0.051399 0.094248 0.051399 0.094248 0.150506 0.076098 0.150506
6 0.521553 0.542791 0.531514 0.542791 0.531514 0.561142 0.521553 0.561142
6 0.051183 0.602107 0.067482 0.602107 0.067482 0.682332 0.051183 0.682332
2 0.085237 0.581614 0.116529 0.581614 0.116529 0.626741 0.085237 0.626741
6 0.324255 0.687230 0.385102 0.687230 0.385102 0.714371 0.324255 0.714371
6 0.424219 0.643704 0.462612 0.643704 0.462612 0.669822 0.424219 0.669822
2 0.344898 0.598642 0.374961 0.598642 0.374961 0.652411 0.344898 0.652411
2 0.096676 0.127127 0.132729 0.127127 0.132729 0.172787 0.096676 0.172787
6 0.353986 0.186785 0.367129 0.186785 0.367129 0.205366 0.353986 0.205366
