6 0.143116 0.536221 0.165806 0.536221 0.165806 0.583269 0.143116 0.583269
6 0.247107 0.452281 0.260721 0.452281 0.260721 0.470462 0.247107 0.470462
6 0.204753 0.442661 0.216478 0.442661 0.216478 0.462975 0.204753 0.462975
6 0.177148 0.452818 0.187738 0.452818 0.187738 0.469391 0.177148 0.469391
6 0.235762 0.367811 0.250890 0.367811 0.250890 0.386522 0.235762 0.386522
2 0.246730 0.331990 0.281142 0.331990 0.281142 0.368345 0.246730 0.368345
6 0.237204 0.368095 0.249715 0.368095 0.249715 0.387562 0.237204 0.387562
6 0.246587 0.451272 0.257852 0.451272 0.257852 0.470739 0.246587 0.470739
6 0.113800 0.292350 0.188154 0.292350 0.188154 0.326330 0.113800 0.326330
10 0.313807 0.233512 0.369877 0.233512 0.369877 0.254405 0.313807 0.254405
10 0.306420 0.194183 0.375960 0.194183 0.375960 0.222449 0.306420 0.222449
10 0.262603 0.144579 0.420685 0.144579 0.420685 0.171187 0.262603 0.171187
8 0.137453 0.099347 0.435740 0.099347 0.435740 0.274952 0.137453 0.274952
6 0.381018 0.449538 0.395177 0.449538 0.395177 0.473403 0.381018 0.473403
6 0.359236 0.446457 0.370672 0.446457 0.370672 0.473403 0.359236 0.473403
6 0.311860 0.514976 0.332008 0.514976 0.332008 0.539614 0.311860 0.539614
6 0.335460 0.452158 0.347351 0.452158 0.347351 0.472510 0.335460 0.472510
6 0.256863 0.291710 0.328742 0.291710 0.328742 0.322572 0.256863 0.322572
3 0.602259 0.683841 0.659436 0.683841 0.659436 0.701163 0.602259 0.701163
6 0.288520 0.586659 0.331705 0.586659 0.331705 0.609665 0.288520 0.609665
6 0.105479 0.422592 0.127806 0.422592 0.127806 0.456467 0.105479 0.456467
6 0.563338 0.331389 0.573118 0.331389 0.573118 0.348800 0.563338 0.348800
6 0.619840 0.460893 0.686122 0.460893 0.686122 0.494740 0.619840 0.494740
6 0.146546 0.794282 0.164572 0.794282 0.164572 0.826139 0.146546 0.826139
2 0.171493 0.329692 0.208002 0.329692 0.208002 0.370246 0.171493 0.370246
11 0.144194 0.405612 0.178616 0.405612 0.178616 0.465872 0.144194 0.465872
11 0.488582 0.371997 0.517194 0.371997 0.517194 0.411426 0.488582 0.411426
2 0.164291 0.867120 0.201863 0.867120 0.201863 0.912544 0.164291 0.912544
5 0.406067 0.709295 0.445818 0.709295 0.445818 0.766265 0.406067 0.766265
0 0.499182 0.738550 0.986001 0.738550 0.986001 0.971823 0.499182 0.971823
8 0.481676 0.603181 0.674533 0.603181 0.674533 0.714169 0.481676 0.714169
10 0.595121 0.642315 0.663643 0.642315 0.663643 0.666693 0.595121 0.666693
6 0.587068 0.323971 0.598033 0.323971 0.598033 0.340544 0.587068 0.340544
6 0.541688 0.336802 0.549253 0.336802 0.549253 0.353909 0.541688 0.353909
6 0.462276 0.391334 0.487612 0.391334 0.487612 0.477945 0.462276 0.477945
