4 0.761959 0.429166 0.781081 0.429166 0.781081 0.503519 0.761959 0.503519
4 0.716321 0.475865 0.740227 0.475865 0.740227 0.547148 0.716321 0.547148
4 0.674163 0.407657 0.700239 0.407657 0.700239 0.505978 0.674163 0.505978
5 0.617661 0.422404 0.660689 0.422404 0.660689 0.477096 0.617661 0.477096
2 0.553812 0.475315 0.581195 0.475315 0.581195 0.517712 0.553812 0.517712
2 0.545989 0.550896 0.578587 0.550896 0.578587 0.595752 0.545989 0.595752
2 0.497310 0.561956 0.530343 0.561956 0.530343 0.603741 0.497310 0.603741
6 0.434224 0.466758 0.492429 0.466758 0.492429 0.493304 0.434224 0.493304
6 0.521372 0.410930 0.536463 0.410930 0.536463 0.431416 0.521372 0.431416
6 0.322588 0.595007 0.361705 0.595007 0.361705 0.621122 0.322588 0.621122
6 0.371846 0.684620 0.394664 0.684620 0.394664 0.709200 0.371846 0.709200
6 0.476882 0.653382 0.536282 0.653382 0.536282 0.687692 0.476882 0.687692
4 0.148324 0.226337 0.183372 0.226337 0.183372 0.252886 0.148324 0.252886
4 0.304165 0.430742 0.328575 0.430742 0.328575 0.458174 0.304165 0.458174
6 0.200897 0.419241 0.224054 0.419241 0.224054 0.444901 0.200897 0.444901
1 0.293677 0.143906 0.358266 0.143906 0.358266 0.169388 0.293677 0.169388
0 0.503866 0.744610 0.977925 0.744610 0.977925 0.967596 0.503866 0.967596
1 0.298720 0.906624 0.505885 0.906624 0.505885 0.971221 0.298720 0.971221
12 0.422131 0.143075 0.482194 0.143075 0.482194 0.197267 0.422131 0.197267
7 0.512852 0.077356 0.593694 0.077356 0.593694 0.110540 0.512852 0.110540
7 0.546696 0.144822 0.626981 0.144822 0.626981 0.174692 0.546696 0.174692
7 0.557562 0.213098 0.638149 0.213098 0.638149 0.241689 0.557562 0.241689
11 0.595924 0.267380 0.618561 0.267380 0.618561 0.294689 0.595924 0.294689
2 0.650254 0.293410 0.677417 0.293410 0.677417 0.337363 0.650254 0.337363
2 0.701563 0.285728 0.729935 0.285728 0.729935 0.327975 0.701563 0.327975
2 0.745776 0.276751 0.776925 0.276751 0.776925 0.320277 0.745776 0.320277
