6 0.415261 0.643806 0.425776 0.643806 0.425776 0.658670 0.415261 0.658670
10 0.368111 0.806580 0.427102 0.806580 0.427102 0.829679 0.368111 0.829679
3 0.371287 0.902815 0.424833 0.902815 0.424833 0.924631 0.371287 0.924631
6 0.421159 0.213581 0.433684 0.213581 0.433684 0.228977 0.421159 0.228977
3 0.374918 0.854056 0.423019 0.854056 0.423019 0.878437 0.374918 0.878437
6 0.181507 0.225130 0.198387 0.225130 0.198387 0.258232 0.181507 0.258232
6 0.310114 0.530188 0.323633 0.530188 0.323633 0.552486 0.310114 0.552486
6 0.297346 0.642743 0.308612 0.642743 0.308612 0.662917 0.297346 0.662917
6 0.341659 0.551426 0.351422 0.551426 0.351422 0.567353 0.341659 0.567353
6 0.377709 0.564169 0.389727 0.564169 0.389727 0.584343 0.377709 0.584343
6 0.406248 0.582220 0.421270 0.582220 0.421270 0.601330 0.406248 0.601330
6 0.334523 0.349080 0.360660 0.349080 0.360660 0.372945 0.334523 0.372945
6 0.221258 0.293649 0.238684 0.293649 0.238684 0.362938 0.221258 0.362938
6 0.269865 0.476696 0.311030 0.476696 0.311030 0.496094 0.269865 0.496094
6 0.184915 0.588482 0.202559 0.588482 0.202559 0.628208 0.184915 0.628208
6 0.294956 0.704702 0.335469 0.704702 0.335469 0.727798 0.294956 0.727798
6 0.223077 0.604925 0.240065 0.604925 0.240065 0.674217 0.223077 0.674217
6 0.302448 0.212811 0.311705 0.212811 0.311705 0.231289 0.302448 0.231289
0 0.497525 0.736115 0.984344 0.736115 0.984344 0.975393 0.497525 0.975393
12 0.445902 0.110663 0.504059 0.110663 0.504059 0.140226 0.445902 0.140226
2 0.215235 0.149466 0.246601 0.149466 0.246601 0.191040 0.215235 0.191040
6 0.299531 0.303748 0.370757 0.303748 0.370757 0.335161 0.299531 0.335161
8 0.445902 0.191963 0.592276 0.191963 0.592276 0.281577 0.445902 0.281577
10 0.517073 0.236560 0.579468 0.236560 0.579468 0.261686 0.517073 0.261686
11 0.363687 0.457534 0.392700 0.457534 0.392700 0.520725 0.363687 0.520725
2 0.202934 0.685325 0.233791 0.685325 0.233791 0.727028 0.202934 0.727028
8 0.231976 0.769371 0.441171 0.769371 0.441171 0.947083 0.231976 0.947083
