6 0.463783 0.625277 0.512680 0.625277 0.512680 0.646187 0.463783 0.646187
3 0.228551 0.835971 0.283921 0.835971 0.283921 0.854494 0.228551 0.854494
1 0.298682 0.926782 0.507741 0.926782 0.507741 0.968567 0.298682 0.968567
0 0.503413 0.742924 0.977407 0.742924 0.977407 0.967681 0.503413 0.967681
8 0.155776 0.759272 0.294857 0.759272 0.294857 0.859432 0.155776 0.859432
6 0.115527 0.209702 0.181870 0.209702 0.181870 0.232709 0.115527 0.232709
2 0.217545 0.255715 0.253220 0.255715 0.253220 0.302613 0.217545 0.302613
2 0.271996 0.314118 0.302663 0.314118 0.302663 0.361902 0.271996 0.361902
6 0.061079 0.404374 0.078602 0.404374 0.078602 0.445964 0.061079 0.445964
5 0.481038 0.257486 0.512332 0.257486 0.512332 0.311464 0.481038 0.311464
6 0.312051 0.374289 0.332707 0.374289 0.332707 0.473393 0.312051 0.473393
6 0.185469 0.461019 0.197987 0.461019 0.197987 0.482404 0.185469 0.482404
6 0.218849 0.462497 0.233454 0.462497 0.233454 0.483878 0.218849 0.483878
6 0.256923 0.463232 0.268919 0.463232 0.268919 0.483878 0.256923 0.483878
6 0.105254 0.546043 0.121942 0.546043 0.121942 0.580698 0.105254 0.580698
6 0.115685 0.610930 0.136548 0.610930 0.136548 0.633054 0.115685 0.633054
6 0.207683 0.663564 0.226043 0.663564 0.226043 0.683122 0.207683 0.683122
5 0.334579 0.572606 0.361200 0.572606 0.361200 0.622688 0.334579 0.622688
6 0.385537 0.552144 0.416686 0.552144 0.416686 0.600280 0.385537 0.600280
2 0.451408 0.560414 0.482496 0.560414 0.482496 0.602661 0.451408 0.602661
10 0.223660 0.799422 0.290559 0.799422 0.290559 0.822883 0.223660 0.822883
