6 0.456016 0.580718 0.471142 0.580718 0.471142 0.609477 0.456016 0.609477
6 0.511824 0.374251 0.556156 0.374251 0.556156 0.403745 0.511824 0.403745
2 0.456016 0.406696 0.490963 0.406696 0.490963 0.452415 0.456016 0.452415
2 0.396560 0.450202 0.426289 0.450202 0.426289 0.492969 0.396560 0.492969
6 0.398645 0.515092 0.410641 0.515092 0.410641 0.532787 0.398645 0.532787
6 0.035119 0.402271 0.076843 0.402271 0.076843 0.471587 0.035119 0.471587
2 0.071105 0.429555 0.105530 0.429555 0.105530 0.473061 0.071105 0.473061
2 0.119090 0.353605 0.158208 0.353605 0.158208 0.400797 0.119090 0.400797
6 0.092489 0.466423 0.122218 0.466423 0.122218 0.511406 0.092489 0.511406
2 0.094054 0.537213 0.123261 0.537213 0.123261 0.587356 0.094054 0.587356
2 0.145167 0.613902 0.180634 0.613902 0.180634 0.660363 0.145167 0.660363
6 0.129521 0.640448 0.175939 0.640448 0.175939 0.711973 0.129521 0.711973
6 0.179069 0.603577 0.214536 0.603577 0.214536 0.648560 0.179069 0.648560
11 0.223924 0.532787 0.244785 0.532787 0.244785 0.573345 0.223924 0.573345
11 0.239049 0.473061 0.259910 0.473061 0.259910 0.512141 0.239049 0.512141
4 0.358486 0.495920 0.374132 0.495920 0.374132 0.545325 0.358486 0.545325
4 0.376219 0.490021 0.396038 0.490021 0.396038 0.563759 0.376219 0.563759
11 0.674030 0.559337 0.693326 0.559337 0.693326 0.593991 0.674030 0.593991
4 0.704279 0.570397 0.725143 0.570397 0.725143 0.647083 0.704279 0.647083
2 0.398123 0.133122 0.429940 0.133122 0.429940 0.184740 0.398123 0.184740
6 0.383000 0.181053 0.398645 0.181053 0.398645 0.204651 0.383000 0.204651
0 0.498786 0.745157 0.988534 0.745157 0.988534 0.976696 0.498786 0.976696
1 0.500871 0.698700 0.658382 0.698700 0.658382 0.748844 0.500871 0.748844
2 0.665162 0.444302 0.698541 0.444302 0.698541 0.494446 0.665162 0.494446
6 0.635433 0.565233 0.652124 0.565233 0.652124 0.593256 0.635433 0.593256
6 0.523299 0.671419 0.544161 0.671419 0.544161 0.696491 0.523299 0.696491
6 0.553549 0.638235 0.572847 0.638235 0.572847 0.664781 0.553549 0.664781
2 0.509739 0.623488 0.544683 0.623488 0.544683 0.661833 0.509739 0.661833
6 0.518604 0.585882 0.530080 0.585882 0.530080 0.613902 0.518604 0.613902
6 0.429940 0.579244 0.447673 0.579244 0.447673 0.605055 0.429940 0.605055
12 0.517562 0.403010 0.578062 0.403010 0.578062 0.432503 0.517562 0.432503
