11 0.666773 0.400222 0.681986 0.400222 0.681986 0.430332 0.666773 0.430332
10 0.652025 0.686857 0.709119 0.686857 0.709119 0.711392 0.652025 0.711392
6 0.246526 0.667524 0.257392 0.667524 0.257392 0.683314 0.246526 0.683314
6 0.249848 0.746898 0.259507 0.746898 0.259507 0.764391 0.249848 0.764391
6 0.182540 0.749029 0.227511 0.749029 0.227511 0.769514 0.182540 0.769514
2 0.139434 0.476481 0.173336 0.476481 0.173336 0.513964 0.139434 0.513964
11 0.124265 0.655298 0.142085 0.655298 0.142085 0.680492 0.124265 0.680492
6 0.145126 0.713061 0.162513 0.713061 0.162513 0.796016 0.145126 0.796016
6 0.301118 0.486929 0.322850 0.486929 0.322850 0.509049 0.301118 0.509049
6 0.237225 0.513352 0.268520 0.513352 0.268520 0.539159 0.237225 0.539159
6 0.189417 0.486313 0.208539 0.486313 0.208539 0.506590 0.189417 0.506590
6 0.114659 0.394754 0.129872 0.394754 0.129872 0.424248 0.114659 0.424248
6 0.085972 0.410732 0.102054 0.410732 0.102054 0.440226 0.085972 0.440226
6 0.060252 0.355530 0.076776 0.355530 0.076776 0.402250 0.060252 0.402250
6 0.246021 0.225595 0.268113 0.225595 0.268113 0.245564 0.246021 0.245564
6 0.314112 0.059169 0.325341 0.059169 0.325341 0.075557 0.314112 0.075557
6 0.278256 0.058146 0.289845 0.058146 0.289845 0.076580 0.278256 0.076580
6 0.231761 0.058656 0.241142 0.058656 0.241142 0.076354 0.231761 0.076354
6 0.196079 0.054231 0.206717 0.054231 0.206717 0.076354 0.196079 0.076354
6 0.104076 0.084316 0.120348 0.084316 0.120348 0.114402 0.104076 0.114402
6 0.129756 0.135982 0.143520 0.135982 0.143520 0.188211 0.129756 0.188211
10 0.431333 0.130092 0.494354 0.130092 0.494354 0.154056 0.431333 0.154056
10 0.430897 0.084005 0.495225 0.084005 0.495225 0.109200 0.430897 0.109200
8 0.357010 0.044679 0.498266 0.044679 0.498266 0.169419 0.357010 0.169419
0 0.499719 0.739894 0.977358 0.739894 0.977358 0.969254 0.499719 0.969254
6 0.654552 0.344569 0.661224 0.344569 0.661224 0.356231 0.654552 0.356231
6 0.637825 0.351943 0.645709 0.351943 0.645709 0.362917 0.637825 0.362917
6 0.620373 0.358557 0.627102 0.358557 0.627102 0.370410 0.620373 0.370410
6 0.599059 0.365527 0.606701 0.365527 0.606701 0.377014 0.599059 0.377014
6 0.505525 0.386703 0.523345 0.386703 0.523345 0.491166 0.505525 0.491166
6 0.192777 0.164658 0.211611 0.164658 0.211611 0.187189 0.192777 0.187189
10 0.646993 0.640270 0.714403 0.640270 0.714403 0.663030 0.646993 0.663030
8 0.519342 0.594531 0.721497 0.594531 0.721497 0.729918 0.519342 0.729918
10 0.273822 0.859432 0.329630 0.859432 0.329630 0.886717 0.273822 0.886717
8 0.151294 0.819915 0.337854 0.819915 0.337854 0.900192 0.151294 0.900192
6 0.372789 0.748680 0.392709 0.748680 0.392709 0.818324 0.372789 0.818324
6 0.364819 0.606324 0.384741 0.606324 0.384741 0.698495 0.364819 0.698495
2 0.322806 0.734343 0.357939 0.734343 0.357939 0.779405 0.322806 0.779405
2 0.334758 0.664699 0.365544 0.664699 0.365544 0.707202 0.334758 0.707202
6 0.275803 0.664966 0.285764 0.664966 0.285764 0.682886 0.275803 0.682886
6 0.572458 0.266262 0.617225 0.266262 0.617225 0.290841 0.572458 0.290841
