3 0.355982 0.861310 0.418570 0.861310 0.418570 0.881662 0.355982 0.881662
0 0.496802 0.734774 0.982479 0.734774 0.982479 0.972804 0.496802 0.972804
8 0.219543 0.743625 0.434216 0.743625 0.434216 0.944487 0.219543 0.944487
3 0.352228 0.920598 0.424202 0.920598 0.424202 0.939179 0.352228 0.939179
10 0.468014 0.159610 0.538111 0.159610 0.538111 0.180848 0.468014 0.180848
10 0.477402 0.196775 0.531853 0.196775 0.531853 0.218013 0.477402 0.218013
8 0.376011 0.112712 0.546248 0.112712 0.546248 0.225092 0.376011 0.225092
2 0.068082 0.233054 0.108137 0.233054 0.108137 0.275527 0.068082 0.275527
6 0.034284 0.324196 0.051809 0.324196 0.051809 0.399408 0.034284 0.399408
2 0.071836 0.322425 0.096246 0.322425 0.096246 0.372863 0.071836 0.372863
6 0.105007 0.333044 0.122533 0.333044 0.122533 0.398526 0.105007 0.398526
6 0.274618 0.359590 0.326565 0.359590 0.326565 0.385253 0.274618 0.385253
6 0.334076 0.402948 0.375385 0.402948 0.375385 0.430380 0.334076 0.430380
6 0.467388 0.273759 0.481783 0.273759 0.481783 0.294111 0.467388 0.294111
6 0.503689 0.271990 0.517458 0.271990 0.517458 0.295879 0.503689 0.295879
6 0.541865 0.270219 0.556887 0.270219 0.556887 0.293225 0.541865 0.293225
5 0.595692 0.522408 0.630114 0.522408 0.630114 0.579039 0.595692 0.579039
6 0.406679 0.598505 0.421698 0.598505 0.421698 0.623283 0.406679 0.623283
6 0.326565 0.605585 0.345341 0.605585 0.345341 0.627705 0.326565 0.627705
6 0.304661 0.587886 0.319681 0.587886 0.319681 0.611778 0.304661 0.611778
6 0.266483 0.597620 0.279001 0.597620 0.279001 0.617972 0.266483 0.617972
6 0.144436 0.595852 0.158832 0.595852 0.158832 0.622397 0.144436 0.622397
6 0.186996 0.588772 0.202644 0.588772 0.202644 0.608239 0.186996 0.608239
6 0.208902 0.607353 0.219543 0.607353 0.219543 0.625937 0.208902 0.625937
6 0.063075 0.617086 0.083101 0.617086 0.083101 0.646289 0.063075 0.646289
6 0.079973 0.690530 0.104381 0.690530 0.104381 0.747161 0.079973 0.747161
6 0.280252 0.694956 0.362240 0.694956 0.362240 0.726813 0.280252 0.726813
10 0.349098 0.786984 0.426079 0.786984 0.426079 0.809990 0.349098 0.809990
