12 0.332574 0.316142 0.384521 0.316142 0.384521 0.343574 0.332574 0.343574
1 0.386401 0.367466 0.447736 0.367466 0.447736 0.394012 0.386401 0.394012
6 0.553507 0.365698 0.578541 0.365698 0.578541 0.386050 0.553507 0.386050
4 0.139806 0.393126 0.171101 0.393126 0.171101 0.424983 0.139806 0.424983
3 0.600448 0.399323 0.615469 0.399323 0.615469 0.443564 0.600448 0.443564
6 0.315675 0.537360 0.339458 0.537360 0.339458 0.567445 0.315675 0.567445
4 0.393909 0.526741 0.417068 0.526741 0.417068 0.552404 0.393909 0.552404
6 0.418945 0.578064 0.449613 0.578064 0.449613 0.601070 0.418945 0.601070
6 0.429584 0.642661 0.465885 0.642661 0.465885 0.669207 0.429584 0.669207
2 0.552881 0.561252 0.584802 0.561252 0.584802 0.604610 0.552881 0.604610
12 0.586052 0.514354 0.648641 0.514354 0.648641 0.546211 0.586052 0.546211
0 0.497303 0.740687 0.983232 0.740687 0.983232 0.970044 0.497303 0.970044
