2 0.568203 0.525982 0.596742 0.525982 0.596742 0.576949 0.568203 0.576949
0 0.502112 0.740472 0.979775 0.740472 0.979775 0.973016 0.502112 0.973016
6 0.398466 0.631105 0.444279 0.631105 0.444279 0.651279 0.398466 0.651279
6 0.454794 0.686320 0.477327 0.686320 0.477327 0.706495 0.454794 0.706495
6 0.567453 0.628981 0.642557 0.628981 0.642557 0.657650 0.567453 0.657650
6 0.615518 0.590752 0.629037 0.590752 0.629037 0.618362 0.615518 0.618362
4 0.731930 0.519610 0.760472 0.519610 0.760472 0.636412 0.731930 0.636412
4 0.771737 0.348653 0.795769 0.348653 0.795769 0.432541 0.771737 0.432541
11 0.703391 0.389005 0.731180 0.389005 0.731180 0.424046 0.703391 0.424046
5 0.698133 0.314675 0.741693 0.314675 0.741693 0.378386 0.698133 0.378386
7 0.653072 0.266891 0.734185 0.266891 0.734185 0.301932 0.653072 0.301932
7 0.580220 0.185130 0.671096 0.185130 0.671096 0.224419 0.580220 0.224419
4 0.149869 0.304056 0.181415 0.304056 0.181415 0.333789 0.149869 0.333789
12 0.192680 0.329542 0.260273 0.329542 0.260273 0.360335 0.192680 0.360335
1 0.342888 0.262644 0.408229 0.262644 0.408229 0.291313 0.342888 0.291313
6 0.280552 0.530229 0.304586 0.530229 0.304586 0.552527 0.280552 0.552527
4 0.360162 0.537661 0.385699 0.537661 0.385699 0.559959 0.360162 0.559959
1 0.292569 0.898687 0.505114 0.898687 0.505114 0.971956 0.292569 0.971956
2 0.637298 0.535537 0.673350 0.535537 0.673350 0.582261 0.637298 0.582261
