1 0.492668 0.703105 0.644074 0.703105 0.644074 0.743057 0.492668 0.743057
2 0.044702 0.426129 0.086014 0.426129 0.086014 0.466491 0.044702 0.466491
11 0.645767 0.505992 0.665699 0.505992 0.665699 0.541040 0.645767 0.541040
6 0.347709 0.175195 0.362922 0.175195 0.362922 0.215752 0.347709 0.215752
2 0.104040 0.358184 0.137083 0.358184 0.137083 0.401710 0.104040 0.401710
6 0.052223 0.544018 0.077743 0.544018 0.077743 0.583314 0.052223 0.583314
6 0.131834 0.562073 0.164122 0.562073 0.164122 0.617274 0.131834 0.617274
6 0.089768 0.309337 0.121311 0.309337 0.121311 0.365629 0.089768 0.365629
6 0.067997 0.276436 0.112288 0.276436 0.112288 0.345451 0.067997 0.345451
2 0.034190 0.488789 0.064983 0.488789 0.064983 0.539761 0.034190 0.539761
2 0.362397 0.104405 0.398447 0.104405 0.398447 0.147941 0.362397 0.147941
2 0.443510 0.339070 0.478058 0.339070 0.478058 0.388977 0.443510 0.388977
2 0.361647 0.397473 0.390186 0.397473 0.390186 0.438885 0.361647 0.438885
2 0.080755 0.573738 0.109296 0.573738 0.109296 0.623646 0.080755 0.623646
2 0.499088 0.564183 0.529129 0.564183 0.529129 0.610903 0.499088 0.610903
2 0.651551 0.394285 0.683846 0.394285 0.683846 0.437821 0.651551 0.437821
11 0.181766 0.413533 0.206280 0.413533 0.206280 0.452613 0.181766 0.452613
11 0.168205 0.479897 0.186461 0.479897 0.186461 0.518981 0.168205 0.518981
4 0.317893 0.445239 0.334584 0.445239 0.334584 0.492432 0.317893 0.492432
4 0.341364 0.432705 0.359098 0.432705 0.359098 0.508653 0.341364 0.508653
6 0.362772 0.457890 0.381548 0.457890 0.381548 0.483376 0.362772 0.483376
6 0.405820 0.544159 0.417409 0.544159 0.417409 0.566176 0.405820 0.566176
6 0.427552 0.544668 0.441316 0.544668 0.441316 0.566176 0.427552 0.566176
6 0.502888 0.535451 0.517013 0.535451 0.517013 0.553885 0.502888 0.553885
6 0.546352 0.592804 0.566635 0.592804 0.566635 0.613287 0.546352 0.613287
6 0.499627 0.621481 0.520997 0.621481 0.520997 0.640940 0.499627 0.640940
6 0.623861 0.507801 0.633641 0.507801 0.633641 0.529819 0.623861 0.529819
6 0.510493 0.309627 0.551060 0.309627 0.551060 0.334207 0.510493 0.334207
12 0.509770 0.345985 0.569170 0.345985 0.569170 0.366980 0.509770 0.366980
0 0.503793 0.746122 0.978737 0.746122 0.978737 0.961867 0.503793 0.961867
4 0.682569 0.436973 0.696838 0.436973 0.696838 0.504932 0.682569 0.504932
