3 0.353360 0.887206 0.407690 0.887206 0.407690 0.913629 0.353360 0.913629
12 0.414078 0.080301 0.477158 0.080301 0.477158 0.134439 0.414078 0.134439
8 0.456316 0.132011 0.632187 0.132011 0.632187 0.209880 0.456316 0.209880
6 0.271057 0.248813 0.323631 0.248813 0.323631 0.273591 0.271057 0.273591
6 0.190946 0.230233 0.205968 0.230233 0.205968 0.322257 0.190946 0.322257
6 0.142129 0.164750 0.159028 0.164750 0.159028 0.196607 0.142129 0.196607
2 0.174673 0.082459 0.203464 0.082459 0.203464 0.132897 0.174673 0.132897
2 0.185939 0.638157 0.214103 0.638157 0.214103 0.680629 0.185939 0.680629
6 0.227230 0.403909 0.265477 0.403909 0.265477 0.425417 0.227230 0.425417
6 0.276103 0.481782 0.288870 0.481782 0.288870 0.501956 0.276103 0.501956
6 0.308462 0.503858 0.318241 0.503858 0.318241 0.523314 0.308462 0.523314
6 0.341060 0.522804 0.353012 0.522804 0.353012 0.542264 0.341060 0.542264
6 0.372209 0.545335 0.383437 0.545335 0.383437 0.565304 0.372209 0.565304
6 0.377649 0.595520 0.387059 0.595520 0.387059 0.613953 0.377649 0.613953
6 0.258841 0.595520 0.269344 0.595520 0.269344 0.613440 0.258841 0.613440
6 0.267980 0.649422 0.287279 0.649422 0.287279 0.670075 0.267980 0.670075
6 0.301761 0.699521 0.321681 0.699521 0.321681 0.720516 0.301761 0.720516
6 0.165077 0.644607 0.180723 0.644607 0.180723 0.739853 0.165077 0.739853
6 0.139867 0.546902 0.155515 0.546902 0.155515 0.578242 0.139867 0.578242
11 0.288082 0.426231 0.324383 0.426231 0.324383 0.483748 0.288082 0.483748
8 0.216541 0.750445 0.415568 0.750445 0.415568 0.930958 0.216541 0.930958
10 0.354228 0.793803 0.408994 0.793803 0.408994 0.826987 0.354228 0.826987
3 0.359011 0.840506 0.403776 0.840506 0.403776 0.864470 0.359011 0.864470
0 0.501490 0.742148 0.978406 0.742148 0.978406 0.969381 0.501490 0.969381
10 0.566142 0.171214 0.632835 0.171214 0.632835 0.200523 0.566142 0.200523
