6 0.407721 0.452339 0.419194 0.452339 0.419194 0.484046 0.407721 0.484046
6 0.208486 0.548936 0.225697 0.548936 0.225697 0.579908 0.208486 0.579908
6 0.214224 0.702315 0.277852 0.702315 0.277852 0.725174 0.214224 0.725174
6 0.203791 0.801125 0.267421 0.801125 0.267421 0.820298 0.203791 0.820298
6 0.168324 0.836518 0.185537 0.836518 0.185537 0.916895 0.168324 0.916895
6 0.330293 0.818871 0.339347 0.818871 0.339347 0.839867 0.330293 0.839867
6 0.329930 0.867008 0.338624 0.867008 0.338624 0.885441 0.329930 0.885441
6 0.340073 0.911556 0.348041 0.911556 0.348041 0.929480 0.340073 0.929480
10 0.144848 0.741036 0.201352 0.741036 0.201352 0.763567 0.144848 0.763567
6 0.051403 0.557712 0.066616 0.557712 0.066616 0.609945 0.051403 0.609945
1 0.821471 0.713779 0.980092 0.713779 0.980092 0.748184 0.821471 0.748184
0 0.500745 0.738047 0.982042 0.738047 0.982042 0.974309 0.500745 0.974309
2 0.292508 0.726207 0.326930 0.726207 0.326930 0.780034 0.292508 0.780034
8 0.028948 0.701094 0.206060 0.701094 0.206060 0.804022 0.028948 0.804022
10 0.095402 0.082404 0.163638 0.082404 0.163638 0.103297 0.095402 0.103297
8 0.028033 0.041231 0.167552 0.041231 0.167552 0.145082 0.028033 0.145082
3 0.108440 0.118044 0.151904 0.118044 0.151904 0.138321 0.108440 0.138321
9 0.447358 0.045551 0.945554 0.045551 0.945554 0.138461 0.447358 0.138461
11 0.770310 0.323399 0.795970 0.323399 0.795970 0.370298 0.770310 0.370298
2 0.851672 0.545503 0.887973 0.545503 0.887973 0.587975 0.851672 0.587975
11 0.235605 0.553362 0.272637 0.553362 0.272637 0.613092 0.235605 0.613092
3 0.151369 0.779443 0.194107 0.779443 0.194107 0.799412 0.151369 0.799412
2 0.378783 0.271053 0.414422 0.271053 0.414422 0.315910 0.378783 0.315910
10 0.726497 0.384456 0.780324 0.384456 0.780324 0.411002 0.726497 0.411002
2 0.408241 0.665445 0.439536 0.665445 0.439536 0.712637 0.408241 0.712637
2 0.341483 0.683143 0.374862 0.683143 0.374862 0.727387 0.341483 0.727387
6 0.382685 0.729600 0.437970 0.729600 0.437970 0.750982 0.382685 0.750982
6 0.197540 0.079945 0.213188 0.079945 0.213188 0.113129 0.197540 0.113129
6 0.214925 0.176419 0.228834 0.176419 0.228834 0.204685 0.214925 0.204685
6 0.122784 0.236642 0.146253 0.236642 0.146253 0.259990 0.122784 0.259990
6 0.302721 0.161057 0.345750 0.161057 0.345750 0.181337 0.302721 0.181337
6 0.311415 0.226194 0.337059 0.226194 0.337059 0.247086 0.311415 0.247086
6 0.314891 0.264292 0.335319 0.264292 0.335319 0.285185 0.314891 0.285185
6 0.295767 0.059053 0.300985 0.059053 0.300985 0.077486 0.295767 0.077486
6 0.330539 0.060280 0.338795 0.060280 0.338795 0.078718 0.330539 0.078718
6 0.367049 0.057825 0.376176 0.057825 0.376176 0.075031 0.367049 0.075031
6 0.918014 0.329593 0.934913 0.329593 0.934913 0.390650 0.918014 0.390650
6 0.896110 0.564083 0.969337 0.564083 0.969337 0.605674 0.896110 0.605674
6 0.765302 0.614521 0.837903 0.614521 0.837903 0.638413 0.765302 0.638413
10 0.640755 0.676464 0.700837 0.676464 0.700837 0.695044 0.640755 0.695044
1 0.622603 0.697155 0.712313 0.697155 0.712313 0.716324 0.622603 0.716324
8 0.501079 0.639637 0.717528 0.639637 0.717528 0.726648 0.501079 0.726648
6 0.451011 0.711163 0.467179 0.711163 0.467179 0.742873 0.451011 0.742873
6 0.467179 0.452339 0.483348 0.452339 0.483348 0.530503 0.467179 0.530503
6 0.386338 0.770154 0.410849 0.770154 0.410849 0.790065 0.386338 0.790065
6 0.349828 0.515756 0.388945 0.515756 0.388945 0.537141 0.349828 0.537141
