6 0.059444 0.091477 0.075716 0.091477 0.075716 0.149877 0.059444 0.149877
10 0.403928 0.169032 0.464432 0.169032 0.464432 0.195763 0.403928 0.195763
6 0.051418 0.591070 0.065140 0.591070 0.065140 0.621560 0.051418 0.621560
6 0.169693 0.702859 0.200404 0.702859 0.200404 0.730575 0.169693 0.730575
6 0.265750 0.604005 0.287313 0.604005 0.287313 0.629873 0.265750 0.629873
6 0.384023 0.588300 0.401667 0.588300 0.401667 0.659436 0.384023 0.659436
6 0.423229 0.724107 0.442179 0.724107 0.442179 0.749053 0.423229 0.749053
6 0.465704 0.697315 0.524514 0.697315 0.524514 0.717640 0.465704 0.717640
6 0.585285 0.693618 0.652591 0.693618 0.652591 0.714877 0.585285 0.714877
6 0.598355 0.399832 0.624492 0.399832 0.624492 0.510698 0.598355 0.510698
6 0.648016 0.325923 0.660433 0.325923 0.660433 0.349945 0.648016 0.349945
6 0.668926 0.327774 0.680036 0.327774 0.680036 0.348098 0.668926 0.348098
6 0.685917 0.325000 0.699640 0.325000 0.699640 0.349022 0.685917 0.349022
6 0.703561 0.324077 0.714669 0.324077 0.714669 0.341631 0.703561 0.341631
8 0.740152 0.480209 0.925733 0.480209 0.925733 0.617863 0.740152 0.617863
10 0.845358 0.524555 0.915931 0.524555 0.915931 0.549497 0.845358 0.549497
10 0.850581 0.571672 0.912010 0.571672 0.912010 0.594767 0.850581 0.594767
6 0.431149 0.465243 0.442414 0.465243 0.442414 0.487367 0.431149 0.487367
6 0.434279 0.538687 0.445544 0.538687 0.445544 0.562579 0.434279 0.562579
11 0.305975 0.517452 0.341023 0.517452 0.341023 0.574083 0.305975 0.574083
2 0.064388 0.675841 0.100063 0.675841 0.100063 0.729819 0.064388 0.729819
5 0.055000 0.520106 0.087545 0.520106 0.087545 0.574969 0.055000 0.574969
6 0.033720 0.486481 0.051870 0.486481 0.051870 0.534265 0.033720 0.534265
6 0.126976 0.128109 0.140745 0.128109 0.140745 0.145807 0.126976 0.145807
6 0.161398 0.128109 0.173290 0.128109 0.173290 0.146693 0.161398 0.146693
6 0.212095 0.127223 0.225864 0.127223 0.225864 0.144921 0.212095 0.144921
6 0.247770 0.122811 0.259035 0.122811 0.259035 0.144921 0.247770 0.144921
6 0.455622 0.405992 0.475900 0.405992 0.475900 0.437849 0.455622 0.437849
0 0.499361 0.741047 0.983336 0.741047 0.983336 0.976775 0.499361 0.976775
8 0.212762 0.774176 0.496657 0.774176 0.496657 0.872291 0.212762 0.872291
10 0.337455 0.820164 0.487666 0.820164 0.487666 0.847596 0.337455 0.847596
11 0.721611 0.294183 0.750452 0.294183 0.750452 0.345150 0.721611 0.345150
8 0.270411 0.075000 0.478365 0.075000 0.478365 0.225332 0.270411 0.225332
10 0.402148 0.125554 0.463309 0.125554 0.463309 0.149282 0.402148 0.149282
6 0.459376 0.279952 0.533856 0.279952 0.533856 0.300304 0.459376 0.300304
6 0.175856 0.289685 0.195259 0.289685 0.195259 0.321542 0.175856 0.321542
6 0.351101 0.271990 0.406802 0.271990 0.406802 0.290571 0.351101 0.290571
6 0.117651 0.179962 0.158331 0.179962 0.158331 0.205622 0.117651 0.205622
2 0.449925 0.304200 0.479966 0.304200 0.479966 0.348440 0.449925 0.348440
2 0.385460 0.296235 0.416754 0.296235 0.416754 0.335168 0.385460 0.335168
6 0.340460 0.372863 0.360489 0.372863 0.360489 0.402066 0.340460 0.402066
