8 0.530789 0.428256 0.680373 0.428256 0.680373 0.561871 0.530789 0.561871
6 0.495394 0.398560 0.508868 0.398560 0.508868 0.422524 0.495394 0.422524
6 0.494526 0.453249 0.508435 0.453249 0.508435 0.475369 0.494526 0.475369
6 0.498002 0.505482 0.507131 0.505482 0.507131 0.523916 0.498002 0.523916
0 0.495989 0.733977 0.982293 0.733977 0.982293 0.976433 0.495989 0.976433
12 0.127726 0.686638 0.185307 0.686638 0.185307 0.714070 0.127726 0.714070
6 0.204083 0.712298 0.228493 0.712298 0.228493 0.737076 0.204083 0.737076
6 0.311732 0.120321 0.329257 0.120321 0.329257 0.143328 0.311732 0.143328
6 0.276684 0.124747 0.293582 0.124747 0.293582 0.145099 0.276684 0.145099
6 0.239758 0.125633 0.256657 0.125633 0.256657 0.145099 0.239758 0.145099
6 0.207837 0.122093 0.220356 0.122093 0.220356 0.145985 0.207837 0.145985
2 0.133358 0.310568 0.163401 0.310568 0.163401 0.357466 0.133358 0.357466
6 0.142121 0.280482 0.200953 0.280482 0.200953 0.304374 0.142121 0.304374
2 0.336768 0.670711 0.366183 0.670711 0.366183 0.723803 0.336768 0.723803
6 0.344903 0.562756 0.363679 0.562756 0.363679 0.612308 0.344903 0.612308
6 0.048241 0.495506 0.067017 0.495506 0.067017 0.531785 0.048241 0.531785
6 0.435029 0.530903 0.453181 0.530903 0.453181 0.627353 0.435029 0.627353
3 0.420010 0.176953 0.481969 0.176953 0.481969 0.206156 0.420010 0.206156
10 0.414376 0.131826 0.483849 0.131826 0.483849 0.157486 0.414376 0.157486
6 0.495394 0.354932 0.508000 0.354932 0.508000 0.373981 0.495394 0.373981
5 0.062637 0.268981 0.088924 0.268981 0.088924 0.327380 0.062637 0.327380
6 0.137114 0.194651 0.163401 0.194651 0.163401 0.219429 0.137114 0.219429
6 0.057003 0.202616 0.078283 0.202616 0.078283 0.235356 0.057003 0.235356
6 0.031969 0.137134 0.050119 0.137134 0.050119 0.167100 0.031969 0.167100
8 0.341149 0.086696 0.486976 0.086696 0.486976 0.229162 0.341149 0.229162
10 0.609023 0.467192 0.677242 0.467192 0.677242 0.492852 0.609023 0.492852
10 0.614030 0.515858 0.672235 0.515858 0.672235 0.546830 0.614030 0.546830
