6 0.224390 0.126737 0.241942 0.126737 0.241942 0.145828 0.224390 0.145828
0 0.503295 0.743844 0.977956 0.743844 0.977956 0.968957 0.503295 0.968957
10 0.126480 0.862206 0.285462 0.862206 0.285462 0.890520 0.126480 0.890520
10 0.864383 0.633023 0.924468 0.633023 0.924468 0.654261 0.864383 0.654261
10 0.859378 0.595858 0.927598 0.595858 0.927598 0.617982 0.859378 0.617982
8 0.745469 0.558694 0.933856 0.558694 0.933856 0.660455 0.745469 0.660455
8 0.025716 0.825927 0.288582 0.825927 0.288582 0.904679 0.025716 0.904679
6 0.125583 0.510359 0.136149 0.510359 0.136149 0.529990 0.125583 0.529990
5 0.296217 0.560554 0.328137 0.560554 0.328137 0.614531 0.296217 0.614531
11 0.171043 0.626919 0.206093 0.626919 0.206093 0.686204 0.171043 0.686204
2 0.232046 0.732633 0.262687 0.732633 0.262687 0.777230 0.232046 0.777230
2 0.162966 0.348170 0.194686 0.348170 0.194686 0.390168 0.162966 0.390168
2 0.092748 0.309039 0.123803 0.309039 0.123803 0.353899 0.092748 0.353899
3 0.591638 0.196412 0.652397 0.196412 0.652397 0.215503 0.591638 0.215503
10 0.586913 0.154419 0.655772 0.154419 0.655772 0.184959 0.586913 0.184959
8 0.516028 0.118150 0.658471 0.118150 0.658471 0.223136 0.516028 0.223136
6 0.474173 0.139145 0.489700 0.139145 0.489700 0.194504 0.474173 0.194504
6 0.382361 0.145828 0.394514 0.145828 0.394514 0.167780 0.382361 0.167780
6 0.345232 0.144873 0.358058 0.144873 0.358058 0.166826 0.345232 0.166826
6 0.308101 0.144873 0.323628 0.144873 0.323628 0.167780 0.308101 0.167780
6 0.333079 0.215503 0.359407 0.215503 0.359407 0.240318 0.333079 0.240318
6 0.112397 0.612216 0.122554 0.612216 0.122554 0.630995 0.112397 0.630995
6 0.424594 0.318071 0.444753 0.318071 0.444753 0.340605 0.424594 0.340605
6 0.696505 0.416830 0.708694 0.416830 0.708694 0.434726 0.696505 0.434726
6 0.700254 0.363806 0.711974 0.363806 0.711974 0.384354 0.700254 0.384354
6 0.702131 0.317408 0.715723 0.317408 0.715723 0.337291 0.702131 0.337291
6 0.595709 0.445995 0.616807 0.445995 0.616807 0.524870 0.595709 0.524870
6 0.571800 0.675992 0.622900 0.675992 0.622900 0.706481 0.571800 0.706481
6 0.348224 0.751778 0.390416 0.751778 0.390416 0.779614 0.348224 0.779614
6 0.226708 0.586337 0.241335 0.586337 0.241335 0.613382 0.226708 0.613382
6 0.202518 0.533047 0.218832 0.533047 0.218832 0.576795 0.202518 0.576795
6 0.128258 0.758936 0.187327 0.758936 0.187327 0.781207 0.128258 0.781207
6 0.050060 0.651560 0.069751 0.651560 0.069751 0.721553 0.050060 0.721553
6 0.061311 0.268984 0.106318 0.268984 0.106318 0.297616 0.061311 0.297616
6 0.070312 0.242736 0.120943 0.242736 0.120943 0.273755 0.070312 0.273755
