0 0.503058 0.738242 0.986130 0.738242 0.986130 0.981618 0.503058 0.981618
1 0.351451 0.929268 0.505416 0.929268 0.505416 0.973868 0.351451 0.973868
10 0.760232 0.503471 0.784015 0.503471 0.784015 0.524706 0.760232 0.524706
10 0.758982 0.643280 0.790273 0.643280 0.790273 0.669826 0.758982 0.669826
1 0.422262 0.642394 0.552443 0.642394 0.552443 0.670711 0.422262 0.670711
8 0.282692 0.693718 0.502373 0.693718 0.502373 0.776895 0.282692 0.776895
1 0.408493 0.746809 0.496742 0.746809 0.496742 0.765390 0.408493 0.765390
10 0.410370 0.727343 0.484850 0.727343 0.484850 0.743269 0.410370 0.743269
6 0.566838 0.543290 0.591248 0.543290 0.591248 0.633547 0.566838 0.633547
6 0.825948 0.583995 0.838466 0.583995 0.838466 0.600807 0.825948 0.600807
1 0.536672 0.163670 0.705815 0.163670 0.705815 0.204124 0.536672 0.204124
10 0.592448 0.126289 0.652211 0.126289 0.652211 0.148307 0.592448 0.148307
2 0.124494 0.408444 0.157090 0.408444 0.157090 0.454528 0.124494 0.454528
6 0.188602 0.376180 0.232789 0.376180 0.232789 0.400250 0.188602 0.400250
6 0.208522 0.331631 0.251986 0.331631 0.251986 0.351091 0.208522 0.351091
6 0.318268 0.229217 0.332755 0.229217 0.332755 0.270181 0.318268 0.270181
6 0.224098 0.230239 0.265387 0.230239 0.265387 0.251235 0.224098 0.251235
6 0.262489 0.100171 0.274081 0.100171 0.274081 0.120657 0.262489 0.120657
6 0.230980 0.119118 0.241120 0.119118 0.241120 0.139603 0.230980 0.139603
6 0.198382 0.141139 0.208159 0.141139 0.208159 0.160598 0.198382 0.160598
6 0.094731 0.132534 0.111945 0.132534 0.111945 0.162767 0.094731 0.162767
10 0.358067 0.440985 0.409702 0.440985 0.409702 0.469744 0.358067 0.469744
6 0.390404 0.401902 0.452470 0.401902 0.452470 0.429186 0.390404 0.429186
8 0.416422 0.078666 0.715958 0.078666 0.715958 0.214364 0.416422 0.214364
6 0.181050 0.551077 0.193568 0.551077 0.193568 0.574969 0.181050 0.574969
6 0.177922 0.502408 0.192317 0.502408 0.192317 0.524531 0.177922 0.524531
6 0.075905 0.550855 0.095723 0.550855 0.095723 0.582562 0.075905 0.582562
11 0.126495 0.592148 0.147358 0.592148 0.147358 0.626067 0.126495 0.626067
6 0.104069 0.655564 0.124410 0.655564 0.124410 0.732254 0.104069 0.732254
6 0.206817 0.671050 0.266275 0.671050 0.266275 0.693170 0.206817 0.693170
2 0.302782 0.640079 0.342944 0.640079 0.342944 0.688010 0.302782 0.688010
6 0.337726 0.547168 0.359632 0.547168 0.359632 0.584774 0.337726 0.584774
