6 0.251463 0.180000 0.262808 0.180000 0.262808 0.198181 0.251463 0.198181
6 0.257136 0.284791 0.269615 0.284791 0.269615 0.299761 0.257136 0.299761
6 0.219320 0.275168 0.232557 0.275168 0.232557 0.295482 0.219320 0.295482
6 0.429361 0.418933 0.441161 0.418933 0.441161 0.439463 0.429361 0.439463
6 0.465210 0.418290 0.477463 0.418290 0.477463 0.441385 0.465210 0.441385
3 0.512625 0.231426 0.572709 0.231426 0.572709 0.257972 0.512625 0.257972
10 0.519386 0.182582 0.575714 0.182582 0.575714 0.210188 0.519386 0.210188
5 0.348897 0.067904 0.399216 0.067904 0.399216 0.124179 0.348897 0.124179
10 0.269286 0.070027 0.333125 0.070027 0.333125 0.092326 0.269286 0.092326
11 0.162637 0.101881 0.197187 0.101881 0.197187 0.142233 0.162637 0.142233
6 0.128089 0.051977 0.194182 0.051977 0.194182 0.081707 0.128089 0.081707
6 0.499857 0.415127 0.514127 0.415127 0.514127 0.441672 0.499857 0.441672
6 0.462305 0.414063 0.476575 0.414063 0.476575 0.442733 0.462305 0.442733
6 0.427005 0.417250 0.444279 0.417250 0.444279 0.442733 0.427005 0.442733
6 0.350539 0.211546 0.369826 0.211546 0.369826 0.272493 0.350539 0.272493
6 0.313858 0.162893 0.332388 0.162893 0.332388 0.205130 0.313858 0.205130
6 0.236359 0.109826 0.272842 0.109826 0.272842 0.152168 0.236359 0.152168
6 0.347990 0.071330 0.399722 0.071330 0.399722 0.127531 0.347990 0.127531
6 0.270121 0.065171 0.329475 0.065171 0.329475 0.092117 0.270121 0.092117
6 0.157765 0.104822 0.191800 0.104822 0.191800 0.139569 0.157765 0.139569
6 0.126372 0.051368 0.191790 0.051368 0.191790 0.073824 0.126372 0.073824
6 0.352588 0.931180 0.513377 0.931180 0.513377 0.968502 0.352588 0.968502
2 0.237743 0.106129 0.271538 0.106129 0.271538 0.149665 0.237743 0.149665
6 0.314349 0.161344 0.330873 0.161344 0.330873 0.204880 0.314349 0.204880
6 0.340636 0.293013 0.363166 0.293013 0.363166 0.376898 0.340636 0.376898
6 0.499698 0.417008 0.512859 0.417008 0.512859 0.438820 0.499698 0.438820
6 0.273793 0.381146 0.345143 0.381146 0.345143 0.407692 0.273793 0.407692
6 0.114572 0.353540 0.168645 0.353540 0.168645 0.379022 0.114572 0.379022
6 0.075515 0.322746 0.103304 0.322746 0.103304 0.385393 0.075515 0.385393
6 0.040968 0.492640 0.061246 0.492640 0.061246 0.524494 0.040968 0.524494
6 0.077770 0.471402 0.098798 0.471402 0.098798 0.529805 0.077770 0.529805
6 0.213708 0.706070 0.258021 0.706070 0.258021 0.733676 0.213708 0.733676
6 0.350399 0.616874 0.366923 0.616874 0.366923 0.643420 0.350399 0.643420
6 0.449538 0.688020 0.472821 0.688020 0.472821 0.717750 0.449538 0.717750
8 0.391708 0.139046 0.583974 0.139046 0.583974 0.280270 0.391708 0.280270
10 0.349649 0.207004 0.369175 0.207004 0.369175 0.274962 0.349649 0.274962
2 0.133348 0.579709 0.164139 0.579709 0.164139 0.630681 0.133348 0.630681
2 0.150622 0.641296 0.185169 0.641296 0.185169 0.696512 0.150622 0.696512
10 0.409731 0.838800 0.477327 0.838800 0.477327 0.858960 0.409731 0.858960
3 0.414990 0.873841 0.475073 0.873841 0.475073 0.892955 0.414990 0.892955
8 0.334627 0.789956 0.484086 0.789956 0.484086 0.907818 0.334627 0.907818
0 0.497003 0.738564 0.983682 0.738564 0.983682 0.968981 0.497003 0.968981
6 0.517847 0.234258 0.571681 0.234258 0.571681 0.258393 0.517847 0.258393
6 0.517059 0.184877 0.571945 0.184877 0.571945 0.210869 0.517059 0.210869
6 0.393452 0.145855 0.580077 0.145855 0.580077 0.274456 0.393452 0.274456
6 0.151193 0.645404 0.182504 0.645404 0.182504 0.690315 0.151193 0.690315
6 0.128503 0.583174 0.163899 0.583174 0.163899 0.627442 0.128503 0.627442
6 0.216674 0.189624 0.227262 0.189624 0.227262 0.211546 0.216674 0.211546
