2 0.462322 0.445633 0.498904 0.445633 0.498904 0.491720 0.462322 0.491720
2 0.500353 0.167066 0.531863 0.167066 0.531863 0.226464 0.500353 0.226464
6 0.495283 0.098447 0.516652 0.098447 0.516652 0.120978 0.495283 0.120978
6 0.044649 0.252709 0.062903 0.252709 0.062903 0.307274 0.044649 0.307274
6 0.110334 0.302702 0.134744 0.302702 0.134744 0.327479 0.110334 0.327479
6 0.182310 0.299162 0.242392 0.299162 0.242392 0.326594 0.182310 0.326594
6 0.181684 0.254921 0.204840 0.254921 0.204840 0.277927 0.181684 0.277927
10 0.041258 0.674275 0.163824 0.674275 0.163824 0.700082 0.041258 0.700082
6 0.058367 0.462073 0.073580 0.462073 0.073580 0.495869 0.058367 0.495869
2 0.090602 0.551173 0.118491 0.551173 0.118491 0.595212 0.090602 0.595212
0 0.500893 0.741809 0.981260 0.741809 0.981260 0.969891 0.500893 0.969891
6 0.333345 0.831074 0.354352 0.831074 0.354352 0.934514 0.333345 0.934514
6 0.295036 0.704039 0.356410 0.704039 0.356410 0.727148 0.295036 0.727148
6 0.235677 0.679531 0.273657 0.679531 0.273657 0.699802 0.235677 0.699802
3 0.254284 0.094761 0.321880 0.094761 0.321880 0.123075 0.254284 0.123075
10 0.240515 0.046091 0.327511 0.046091 0.327511 0.069983 0.240515 0.069983
6 0.200856 0.650085 0.264485 0.650085 0.264485 0.675157 0.200856 0.675157
6 0.199260 0.602021 0.223106 0.602021 0.223106 0.622079 0.199260 0.622079
6 0.615169 0.573653 0.631829 0.573653 0.631829 0.640735 0.615169 0.640735
6 0.546352 0.626908 0.584020 0.626908 0.584020 0.649439 0.546352 0.649439
6 0.473551 0.570068 0.529328 0.570068 0.529328 0.595161 0.473551 0.595161
6 0.439141 0.502986 0.456526 0.502986 0.456526 0.536782 0.439141 0.536782
6 0.372859 0.354997 0.482605 0.354997 0.482605 0.379576 0.372859 0.379576
6 0.355077 0.809566 0.380431 0.809566 0.380431 0.905838 0.355077 0.905838
10 0.417049 0.324785 0.499627 0.324785 0.499627 0.350899 0.417049 0.350899
6 0.618428 0.357045 0.633641 0.357045 0.633641 0.463557 0.618428 0.463557
11 0.669860 0.357555 0.709340 0.357555 0.709340 0.405178 0.669860 0.405178
6 0.618791 0.289449 0.674207 0.289449 0.674207 0.313519 0.618791 0.313519
6 0.580760 0.217247 0.641246 0.217247 0.641246 0.241826 0.580760 0.241826
2 0.553957 0.158358 0.587279 0.158358 0.587279 0.203933 0.553957 0.203933
