11 0.606388 0.168687 0.646894 0.168687 0.646894 0.221977 0.606388 0.221977
6 0.091633 0.508311 0.105697 0.508311 0.105697 0.529788 0.091633 0.529788
6 0.578822 0.606142 0.604139 0.606142 0.604139 0.626026 0.578822 0.626026
6 0.683462 0.370711 0.703713 0.370711 0.703713 0.404118 0.683462 0.404118
6 0.500624 0.186980 0.524253 0.186980 0.524253 0.284812 0.500624 0.284812
6 0.340290 0.543307 0.371795 0.543307 0.371795 0.567168 0.340290 0.567168
6 0.473058 0.571943 0.542818 0.571943 0.542818 0.597394 0.473058 0.597394
6 0.368982 0.480472 0.433679 0.480472 0.433679 0.505130 0.368982 0.505130
6 0.295847 0.482062 0.339729 0.482062 0.339729 0.502743 0.295847 0.502743
6 0.271093 0.183003 0.308788 0.183003 0.308788 0.210841 0.271093 0.210841
8 0.040711 0.069289 0.174792 0.069289 0.174792 0.152804 0.040711 0.152804
6 0.222150 0.789080 0.241841 0.789080 0.241841 0.811351 0.222150 0.811351
6 0.127639 0.852709 0.150704 0.852709 0.150704 0.889295 0.127639 0.889295
6 0.395423 0.667387 0.430302 0.667387 0.430302 0.696019 0.395423 0.696019
6 0.186981 0.308567 0.202450 0.308567 0.202450 0.376837 0.186981 0.376837
6 0.128849 0.427873 0.145726 0.427873 0.145726 0.455048 0.128849 0.455048
6 0.212765 0.399371 0.225893 0.399371 0.225893 0.433837 0.212765 0.433837
3 0.219507 0.656888 0.290392 0.656888 0.290392 0.683930 0.219507 0.683930
8 0.038921 0.540763 0.256074 0.540763 0.256074 0.647343 0.038921 0.647343
1 0.165331 0.602962 0.250278 0.602962 0.250278 0.641139 0.165331 0.641139
10 0.169831 0.573533 0.248029 0.573533 0.248029 0.596597 0.169831 0.596597
1 0.250842 0.911566 0.466309 0.911566 0.466309 0.956905 0.250842 0.956905
4 0.100073 0.898047 0.128200 0.898047 0.128200 0.924292 0.100073 0.924292
4 0.112448 0.757264 0.146202 0.757264 0.146202 0.779535 0.112448 0.779535
2 0.606388 0.497175 0.641831 0.497175 0.641831 0.552852 0.606388 0.552852
1 0.790351 0.211635 0.880363 0.211635 0.880363 0.233112 0.790351 0.233112
10 0.806103 0.190958 0.867424 0.190958 0.867424 0.210044 0.806103 0.210044
8 0.689088 0.156754 0.885987 0.156754 0.885987 0.245041 0.689088 0.245041
2 0.633955 0.314241 0.669398 0.314241 0.669398 0.365144 0.633955 0.365144
2 0.537755 0.526604 0.569260 0.526604 0.569260 0.569555 0.537755 0.569555
2 0.433679 0.459795 0.467433 0.459795 0.467433 0.510698 0.433679 0.510698
2 0.214838 0.451840 0.251405 0.451840 0.251405 0.498765 0.214838 0.498765
2 0.213234 0.195886 0.247458 0.195886 0.247458 0.252226 0.213234 0.252226
3 0.124627 0.249576 0.193544 0.249576 0.193544 0.273437 0.124627 0.273437
6 0.593000 0.233348 0.608752 0.233348 0.608752 0.258803 0.593000 0.258803
6 0.596374 0.268345 0.609877 0.268345 0.609877 0.292206 0.596374 0.292206
6 0.330530 0.106077 0.343657 0.106077 0.343657 0.125298 0.330530 0.125298
6 0.378817 0.106737 0.390539 0.106737 0.390539 0.120657 0.378817 0.120657
6 0.325842 0.239966 0.340844 0.239966 0.340844 0.259850 0.325842 0.259850
6 0.399446 0.238639 0.412104 0.238639 0.412104 0.260513 0.399446 0.260513
6 0.374129 0.345352 0.387726 0.345352 0.387726 0.365899 0.374129 0.365899
0 0.496316 0.736156 0.979003 0.736156 0.979003 0.970951 0.496316 0.970951
3 0.118065 0.113037 0.162603 0.113037 0.162603 0.134244 0.118065 0.134244
