10 0.566468 0.220852 0.631560 0.220852 0.631560 0.241204 0.566468 0.241204
1 0.555203 0.241204 0.646582 0.241204 0.646582 0.262442 0.555203 0.262442
0 0.502167 0.741826 0.977579 0.741826 0.977579 0.965876 0.502167 0.965876
2 0.116362 0.601495 0.144006 0.601495 0.144006 0.648687 0.116362 0.648687
3 0.719886 0.511631 0.763350 0.511631 0.763350 0.533752 0.719886 0.533752
10 0.711797 0.473748 0.772506 0.473748 0.772506 0.501180 0.711797 0.501180
8 0.608878 0.431334 0.779756 0.431334 0.779756 0.544484 0.608878 0.544484
8 0.324881 0.792476 0.507637 0.792476 0.507637 0.874771 0.324881 0.874771
6 0.509371 0.446453 0.528205 0.446453 0.528205 0.468471 0.509371 0.468471
0 0.111014 0.796392 0.131292 0.796392 0.131292 0.859042 0.111014 0.859042
6 0.489088 0.539651 0.497419 0.539651 0.497419 0.559620 0.489088 0.559620
1 0.297271 0.923813 0.502308 0.923813 0.502308 0.969473 0.297271 0.969473
6 0.522049 0.541700 0.534364 0.541700 0.534364 0.561159 0.522049 0.561159
6 0.559354 0.538116 0.569857 0.538116 0.569857 0.562182 0.559354 0.562182
6 0.421684 0.638215 0.438374 0.638215 0.438374 0.661074 0.421684 0.661074
2 0.323631 0.529080 0.358053 0.529080 0.358053 0.570376 0.323631 0.570376
2 0.234966 0.479675 0.268345 0.479675 0.268345 0.532031 0.234966 0.532031
6 0.349710 0.605034 0.366921 0.605034 0.366921 0.675821 0.349710 0.675821
6 0.241224 0.672134 0.267303 0.672134 0.267303 0.697945 0.241224 0.697945
2 0.167163 0.626416 0.198457 0.626416 0.198457 0.669186 0.167163 0.669186
6 0.273399 0.753191 0.289170 0.753191 0.289170 0.777613 0.273399 0.777613
6 0.270997 0.866929 0.279690 0.866929 0.279690 0.881064 0.270997 0.881064
6 0.075077 0.538817 0.089666 0.538817 0.089666 0.592514 0.075077 0.592514
6 0.213353 0.924590 0.254035 0.924590 0.254035 0.950250 0.213353 0.950250
6 0.046909 0.539172 0.062501 0.539172 0.062501 0.595359 0.046909 0.595359
6 0.235769 0.237373 0.246635 0.237373 0.246635 0.260417 0.235769 0.260417
6 0.058075 0.206129 0.078353 0.206129 0.078353 0.292137 0.058075 0.292137
6 0.085861 0.366467 0.106139 0.366467 0.106139 0.426990 0.085861 0.426990
6 0.139187 0.418495 0.184850 0.418495 0.184850 0.441857 0.139187 0.441857
6 0.120755 0.457189 0.156372 0.457189 0.156372 0.477671 0.120755 0.477671
6 0.288573 0.445667 0.354973 0.445667 0.354973 0.470417 0.288573 0.470417
6 0.340767 0.345653 0.361797 0.345653 0.361797 0.389189 0.340767 0.389189
6 0.385080 0.342469 0.413619 0.342469 0.413619 0.427418 0.385080 0.427418
6 0.234574 0.306553 0.247252 0.306553 0.247252 0.328574 0.234574 0.328574
11 0.168478 0.137110 0.209785 0.137110 0.209785 0.173211 0.168478 0.173211
2 0.265363 0.134986 0.303665 0.134986 0.303665 0.183830 0.265363 0.183830
5 0.348728 0.116932 0.395293 0.116932 0.395293 0.173211 0.348728 0.173211
6 0.311176 0.048977 0.386280 0.048977 0.386280 0.085079 0.311176 0.085079
6 0.122663 0.075523 0.212789 0.075523 0.212789 0.112685 0.122663 0.112685
8 0.443171 0.186344 0.650963 0.186344 0.650963 0.271289 0.443171 0.271289
