7 0.257204 0.194179 0.336425 0.194179 0.336425 0.223331 0.257204 0.223331
4 0.456855 0.263410 0.472874 0.263410 0.472874 0.337979 0.456855 0.337979
1 0.042465 0.295800 0.111848 0.295800 0.111848 0.320988 0.042465 0.320988
5 0.276754 0.291029 0.296287 0.291029 0.296287 0.311464 0.276754 0.311464
6 0.330668 0.241317 0.344731 0.241317 0.344731 0.262859 0.330668 0.262859
2 0.301367 0.286611 0.330276 0.286611 0.330276 0.321960 0.301367 0.321960
5 0.354107 0.277774 0.395910 0.277774 0.395910 0.303731 0.354107 0.303731
2 0.417008 0.343502 0.452949 0.343502 0.452949 0.386033 0.417008 0.386033
2 0.350982 0.340188 0.379891 0.340188 0.379891 0.382719 0.350982 0.382719
4 0.041681 0.378064 0.060131 0.378064 0.060131 0.419487 0.041681 0.419487
2 0.244797 0.494897 0.278004 0.494897 0.278004 0.537428 0.244797 0.537428
7 0.469093 0.556881 0.550457 0.556881 0.550457 0.588588 0.469093 0.588588
2 0.566851 0.324395 0.593798 0.324395 0.593798 0.366795 0.566851 0.366795
6 0.577721 0.415356 0.605099 0.415356 0.605099 0.490920 0.577721 0.490920
12 0.159238 0.447397 0.221357 0.447397 0.221357 0.500975 0.159238 0.500975
4 0.437102 0.469094 0.452796 0.469094 0.452796 0.512623 0.437102 0.512623
4 0.403892 0.493150 0.429286 0.493150 0.429286 0.602237 0.403892 0.602237
2 0.376118 0.387534 0.402840 0.387534 0.402840 0.431943 0.376118 0.431943
0 0.502153 0.743974 0.977114 0.743974 0.977114 0.969508 0.502153 0.969508
6 0.203788 0.687240 0.224915 0.687240 0.224915 0.708577 0.203788 0.708577
6 0.212504 0.619518 0.224224 0.619518 0.224224 0.643379 0.212504 0.643379
1 0.295764 0.904521 0.504855 0.904521 0.504855 0.968232 0.295764 0.968232
6 0.257978 0.573786 0.280012 0.573786 0.280012 0.596984 0.257978 0.596984
11 0.346105 0.424651 0.362523 0.424651 0.362523 0.462432 0.346105 0.462432
2 0.208316 0.523666 0.238974 0.523666 0.238974 0.579285 0.208316 0.579285
6 0.165622 0.575109 0.185781 0.575109 0.185781 0.598311 0.165622 0.598311
