6 0.103009 0.584494 0.119886 0.584494 0.119886 0.618851 0.103009 0.618851
6 0.298108 0.181713 0.342666 0.181713 0.342666 0.211303 0.298108 0.211303
6 0.375745 0.469959 0.385871 0.469959 0.385871 0.489046 0.375745 0.489046
6 0.370343 0.425099 0.380469 0.425099 0.380469 0.446098 0.370343 0.446098
6 0.295409 0.572083 0.325114 0.572083 0.325114 0.599764 0.295409 0.599764
6 0.524265 0.579720 0.540467 0.579720 0.540467 0.605489 0.524265 0.605489
4 0.782823 0.649395 0.805776 0.649395 0.805776 0.675164 0.782823 0.675164
6 0.810501 0.621717 0.828053 0.621717 0.828053 0.642715 0.810501 0.642715
4 0.785522 0.544405 0.819277 0.544405 0.819277 0.565404 0.785522 0.565404
0 0.497259 0.738160 0.984673 0.738160 0.984673 0.976772 0.497259 0.976772
6 0.300810 0.921412 0.321062 0.921412 0.321062 0.949094 0.300810 0.949094
6 0.244103 0.874644 0.263004 0.874644 0.263004 0.901371 0.244103 0.901371
5 0.344690 0.701891 0.386546 0.701891 0.386546 0.769655 0.344690 0.769655
6 0.128662 0.795427 0.148911 0.795427 0.148911 0.827876 0.128662 0.827876
6 0.142165 0.740068 0.159042 0.740068 0.159042 0.757247 0.142165 0.757247
2 0.166466 0.739114 0.208999 0.739114 0.208999 0.792562 0.166466 0.792562
2 0.308911 0.123492 0.353466 0.123492 0.353466 0.168352 0.308911 0.168352
2 0.148239 0.450869 0.179969 0.450869 0.179969 0.503365 0.148239 0.503365
6 0.404773 0.095814 0.432453 0.095814 0.432453 0.123492 0.404773 0.123492
5 0.557344 0.233252 0.599199 0.233252 0.599199 0.299111 0.557344 0.299111
6 0.576246 0.311518 0.592448 0.311518 0.592448 0.332517 0.576246 0.332517
6 0.561393 0.422237 0.576921 0.422237 0.576921 0.453731 0.561393 0.453731
6 0.412874 0.385968 0.431101 0.385968 0.431101 0.418417 0.412874 0.418417
6 0.371018 0.301019 0.379794 0.301019 0.379794 0.326789 0.371018 0.326789
1 0.142840 0.172168 0.250854 0.172168 0.250854 0.215120 0.142840 0.215120
6 0.100985 0.356378 0.124611 0.356378 0.124611 0.434644 0.100985 0.434644
6 0.373043 0.255205 0.385196 0.255205 0.385196 0.279066 0.373043 0.279066
8 0.056427 0.087223 0.267056 0.087223 0.267056 0.234210 0.056427 0.234210
10 0.163766 0.135899 0.240726 0.135899 0.240726 0.155944 0.163766 0.155944
