5 0.369308 0.509901 0.403556 0.509901 0.403556 0.563417 0.369308 0.563417
2 0.163897 0.339603 0.199947 0.339603 0.199947 0.381012 0.163897 0.381012
2 0.357666 0.705937 0.389209 0.705937 0.389209 0.749473 0.357666 0.749473
6 0.045305 0.110598 0.060953 0.110598 0.060953 0.145109 0.045305 0.145109
6 0.065334 0.177849 0.080980 0.177849 0.080980 0.212356 0.065334 0.212356
6 0.214918 0.099979 0.227433 0.099979 0.227433 0.121218 0.214918 0.121218
6 0.251843 0.098211 0.262484 0.098211 0.262484 0.116792 0.251843 0.116792
6 0.287518 0.098211 0.298157 0.098211 0.298157 0.120332 0.287518 0.120332
6 0.323193 0.097326 0.336962 0.097326 0.336962 0.122100 0.323193 0.122100
6 0.165999 0.179053 0.204303 0.179053 0.204303 0.206659 0.165999 0.206659
6 0.133104 0.328239 0.157136 0.328239 0.157136 0.354788 0.133104 0.354788
6 0.066260 0.516187 0.083534 0.516187 0.083534 0.557599 0.066260 0.557599
6 0.229238 0.747668 0.250266 0.747668 0.250266 0.773153 0.229238 0.773153
6 0.363674 0.590516 0.380198 0.590516 0.380198 0.629802 0.363674 0.629802
6 0.420755 0.568215 0.438778 0.568215 0.438778 0.642544 0.420755 0.642544
8 0.535293 0.452220 0.696222 0.452220 0.696222 0.604511 0.535293 0.604511
8 0.368256 0.072866 0.520718 0.072866 0.520718 0.201351 0.368256 0.201351
10 0.446364 0.113218 0.516962 0.113218 0.516962 0.135516 0.446364 0.135516
3 0.453123 0.157815 0.510203 0.157815 0.510203 0.187548 0.453123 0.187548
10 0.613849 0.493355 0.683696 0.493355 0.683696 0.522028 0.613849 0.522028
10 0.622109 0.543263 0.676935 0.543263 0.676935 0.570872 0.622109 0.570872
0 0.502167 0.740978 0.980527 0.740978 0.980527 0.975581 0.502167 0.975581
12 0.067753 0.708635 0.117303 0.708635 0.117303 0.736655 0.067753 0.736655
6 0.173856 0.303317 0.241224 0.303317 0.241224 0.329740 0.173856 0.329740
