10 0.347216 0.132620 0.414526 0.132620 0.414526 0.151823 0.347216 0.151823
0 0.501072 0.737220 0.978735 0.737220 0.978735 0.969124 0.501072 0.969124
2 0.570537 0.502770 0.601205 0.502770 0.601205 0.547900 0.570537 0.547900
5 0.055982 0.463591 0.086468 0.463591 0.086468 0.515226 0.055982 0.515226
6 0.088882 0.577100 0.103974 0.577100 0.103974 0.604839 0.088882 0.604839
6 0.109407 0.659460 0.125704 0.659460 0.125704 0.710667 0.109407 0.710667
6 0.592005 0.602230 0.612658 0.602230 0.612658 0.699566 0.592005 0.699566
3 0.360433 0.899545 0.417388 0.899545 0.417388 0.925209 0.360433 0.925209
3 0.367317 0.839374 0.428026 0.839374 0.428026 0.868577 0.367317 0.868577
10 0.360433 0.765048 0.437414 0.765048 0.437414 0.794248 0.360433 0.794248
8 0.222741 0.731423 0.441795 0.731423 0.441795 0.927863 0.222741 0.927863
6 0.309461 0.682397 0.384219 0.682397 0.384219 0.704518 0.309461 0.704518
6 0.167772 0.568102 0.178638 0.568102 0.178638 0.584692 0.167772 0.584692
6 0.207322 0.553355 0.218191 0.553355 0.218191 0.570554 0.207322 0.570554
6 0.227315 0.566259 0.241224 0.566259 0.241224 0.587151 0.227315 0.587151
6 0.286427 0.571173 0.295987 0.571173 0.295987 0.590222 0.286427 0.590222
6 0.348578 0.572404 0.358575 0.572404 0.358575 0.590222 0.348578 0.590222
6 0.327716 0.557654 0.337279 0.557654 0.337279 0.578547 0.327716 0.578547
6 0.411601 0.567486 0.425075 0.567486 0.425075 0.584080 0.411601 0.584080
6 0.504613 0.488218 0.525474 0.488218 0.525474 0.509111 0.504613 0.509111
6 0.548945 0.209237 0.558940 0.209237 0.558940 0.227059 0.548945 0.227059
6 0.524606 0.208010 0.537644 0.208010 0.537644 0.225831 0.524606 0.225831
6 0.501134 0.210469 0.512436 0.210469 0.512436 0.228287 0.501134 0.228287
6 0.339451 0.356717 0.370310 0.356717 0.370310 0.379453 0.339451 0.379453
6 0.298597 0.298341 0.349881 0.298341 0.349881 0.322305 0.298597 0.322305
6 0.109531 0.266385 0.124308 0.266385 0.124308 0.354258 0.109531 0.354258
6 0.029557 0.267616 0.043031 0.267616 0.043031 0.333981 0.029557 0.333981
2 0.067349 0.261081 0.096326 0.261081 0.096326 0.300510 0.067349 0.300510
2 0.069865 0.167370 0.101408 0.167370 0.101408 0.215154 0.069865 0.215154
10 0.354158 0.167182 0.407883 0.167182 0.407883 0.187240 0.354158 0.187240
8 0.278757 0.090424 0.419577 0.090424 0.419577 0.197493 0.278757 0.197493
