6 0.361067 0.306722 0.378881 0.306722 0.378881 0.330520 0.361067 0.330520
11 0.304430 0.371069 0.318283 0.371069 0.318283 0.397678 0.304430 0.397678
6 0.330385 0.308120 0.352158 0.308120 0.352158 0.329119 0.330385 0.329119
6 0.294951 0.464543 0.319894 0.464543 0.319894 0.483021 0.294951 0.483021
6 0.153220 0.456507 0.163118 0.456507 0.163118 0.476105 0.153220 0.476105
6 0.362056 0.464906 0.370965 0.464906 0.370965 0.483104 0.362056 0.483104
6 0.256154 0.581096 0.276939 0.581096 0.276939 0.609093 0.256154 0.609093
11 0.128557 0.433599 0.144377 0.433599 0.144377 0.463836 0.128557 0.463836
11 0.333932 0.413442 0.356735 0.413442 0.356735 0.439647 0.333932 0.439647
11 0.390941 0.415457 0.409470 0.415457 0.409470 0.439647 0.390941 0.439647
12 0.274501 0.237479 0.343580 0.237479 0.343580 0.289204 0.274501 0.289204
5 0.301591 0.528667 0.342225 0.528667 0.342225 0.566984 0.301591 0.566984
4 0.630725 0.302615 0.657814 0.302615 0.657814 0.321771 0.630725 0.321771
7 0.094219 0.436715 0.113321 0.436715 0.113321 0.532511 0.094219 0.532511
6 0.103840 0.316026 0.124156 0.316026 0.124156 0.348592 0.103840 0.348592
10 0.075396 0.438631 0.094358 0.438631 0.094358 0.501848 0.075396 0.501848
10 0.409949 0.358171 0.427556 0.358171 0.427556 0.453955 0.409949 0.453955
5 0.166145 0.317939 0.186461 0.317939 0.186461 0.342845 0.166145 0.342845
1 0.466836 0.693418 0.671360 0.693418 0.671360 0.748974 0.466836 0.748974
0 0.466836 0.748974 0.988303 0.748974 0.988303 0.994194 0.466836 0.994194
9 0.004828 0.007596 0.273147 0.007596 0.273147 0.061236 0.004828 0.061236
1 0.713212 0.043994 0.904327 0.043994 0.904327 0.086139 0.713212 0.086139
6 0.170245 0.499819 0.195186 0.499819 0.195186 0.526696 0.170245 0.526696
6 0.283075 0.506538 0.299702 0.506538 0.299702 0.525017 0.283075 0.525017
6 0.216564 0.276401 0.254570 0.276401 0.254570 0.298239 0.216564 0.298239
