6 0.383509 0.323829 0.411194 0.323829 0.411194 0.341384 0.383509 0.341384
6 0.089489 0.487876 0.100467 0.487876 0.100467 0.504753 0.089489 0.504753
6 0.147720 0.527707 0.164426 0.527707 0.164426 0.550660 0.147720 0.550660
6 0.218839 0.583065 0.236499 0.583065 0.236499 0.600617 0.218839 0.600617
6 0.301890 0.612092 0.334348 0.612092 0.334348 0.629644 0.301890 0.629644
6 0.266569 0.639773 0.283275 0.639773 0.283275 0.658674 0.266569 0.658674
6 0.446514 0.545259 0.457016 0.545259 0.457016 0.562136 0.446514 0.562136
6 0.435536 0.323829 0.448423 0.323829 0.448423 0.344758 0.435536 0.344758
5 0.309097 0.260573 0.343463 0.260573 0.343463 0.299729 0.309097 0.299729
10 0.489997 0.441497 0.533910 0.441497 0.533910 0.460402 0.489997 0.460402
7 0.479973 0.459727 0.538681 0.459727 0.538681 0.483353 0.479973 0.483353
0 0.470409 0.745046 0.993918 0.745046 0.993918 0.992126 0.470409 0.992126
1 0.472699 0.703730 0.667441 0.703730 0.667441 0.743425 0.472699 0.743425
9 0.004657 0.007172 0.267765 0.007172 0.267765 0.063166 0.004657 0.063166
1 0.680912 0.043420 0.805410 0.043420 0.805410 0.067049 0.680912 0.067049
12 0.118488 0.250065 0.176973 0.250065 0.176973 0.289840 0.118488 0.289840
11 0.468273 0.341534 0.482331 0.341534 0.482331 0.365394 0.468273 0.365394
11 0.349053 0.335968 0.361425 0.335968 0.361425 0.355851 0.349053 0.355851
11 0.065627 0.364601 0.080248 0.364601 0.080248 0.390847 0.065627 0.390847
4 0.284944 0.565830 0.300128 0.565830 0.300128 0.605600 0.284944 0.605600
4 0.032447 0.399596 0.047069 0.399596 0.047069 0.483111 0.032447 0.483111
4 0.009954 0.424253 0.024575 0.424253 0.024575 0.463227 0.009954 0.463227
