6 0.731625 0.306858 0.762143 0.306858 0.762143 0.348853 0.731625 0.348853
6 0.022092 0.549715 0.034024 0.549715 0.034024 0.578745 0.022092 0.578745
0 0.465365 0.744589 0.996178 0.744589 0.996178 0.995353 0.465365 0.995353
6 0.062234 0.180508 0.076554 0.180508 0.076554 0.202787 0.062234 0.202787
6 0.083236 0.203462 0.095646 0.203462 0.095646 0.238566 0.083236 0.238566
6 0.087053 0.281098 0.111874 0.281098 0.111874 0.298650 0.087053 0.298650
6 0.186333 0.304724 0.202085 0.304724 0.202085 0.321601 0.186333 0.321601
6 0.186810 0.358058 0.201608 0.358058 0.201608 0.376284 0.186810 0.376284
6 0.053118 0.530138 0.065050 0.530138 0.065050 0.559840 0.053118 0.559840
6 0.083188 0.480856 0.094166 0.480856 0.094166 0.503810 0.083188 0.503810
6 0.082711 0.625324 0.095598 0.625324 0.095598 0.649627 0.082711 0.649627
6 0.053118 0.697559 0.066482 0.697559 0.066482 0.716461 0.053118 0.716461
6 0.140942 0.636127 0.155738 0.636127 0.155738 0.655704 0.140942 0.655704
6 0.492733 0.640648 0.543248 0.640648 0.543248 0.656964 0.492733 0.656964
6 0.155834 0.145022 0.163391 0.145022 0.163391 0.161335 0.155834 0.161335
6 0.155437 0.181026 0.164585 0.181026 0.164585 0.196778 0.155437 0.196778
6 0.157028 0.219282 0.163788 0.219282 0.163788 0.232784 0.157028 0.232784
6 0.222259 0.143897 0.230612 0.143897 0.230612 0.158524 0.222259 0.158524
6 0.221861 0.179340 0.230612 0.179340 0.230612 0.195653 0.221861 0.195653
6 0.223055 0.218718 0.231009 0.218718 0.231009 0.234470 0.223055 0.234470
6 0.159533 0.748720 0.178228 0.748720 0.178228 0.765597 0.159533 0.765597
12 0.499217 0.345917 0.537004 0.345917 0.537004 0.381921 0.499217 0.381921
10 0.248086 0.435549 0.347392 0.435549 0.347392 0.452346 0.248086 0.452346
3 0.259516 0.453452 0.336083 0.453452 0.336083 0.469862 0.259516 0.469862
9 0.745647 0.467842 0.977412 0.467842 0.977412 0.541335 0.745647 0.541335
6 0.733275 0.161040 0.760493 0.161040 0.760493 0.203036 0.733275 0.203036
8 0.336906 0.125786 0.584714 0.125786 0.584714 0.242801 0.336906 0.242801
10 0.497546 0.165893 0.563574 0.165893 0.563574 0.182209 0.497546 0.182209
10 0.497149 0.213713 0.565562 0.213713 0.565562 0.231715 0.497149 0.231715
12 0.269752 0.064903 0.310197 0.064903 0.310197 0.106144 0.269752 0.106144
1 0.004919 0.008805 0.270226 0.008805 0.270226 0.061299 0.004919 0.061299
