6 0.692268 0.498067 0.712962 0.498067 0.712962 0.518021 0.692268 0.518021
6 0.159602 0.847492 0.173973 0.847492 0.173973 0.865970 0.159602 0.865970
6 0.312449 0.908466 0.340537 0.908466 0.340537 0.926942 0.312449 0.926942
6 0.315345 0.677518 0.337118 0.677518 0.337118 0.695225 0.315345 0.695225
10 0.636817 0.054335 0.705548 0.054335 0.705548 0.071887 0.636817 0.071887
6 0.450339 0.595140 0.462858 0.595140 0.462858 0.658270 0.450339 0.658270
6 0.056790 0.552796 0.072030 0.552796 0.072030 0.612847 0.056790 0.612847
6 0.123198 0.578203 0.135717 0.578203 0.135717 0.630554 0.123198 0.630554
5 0.412535 0.744715 0.440753 0.744715 0.440753 0.785955 0.412535 0.785955
6 0.195256 0.743384 0.212187 0.743384 0.212187 0.765999 0.195256 0.765999
6 0.135172 0.132443 0.148237 0.132443 0.148237 0.155539 0.135172 0.155539
9 0.005623 0.007721 0.271255 0.007721 0.271255 0.060844 0.005623 0.060844
6 0.428021 0.315675 0.445440 0.315675 0.445440 0.361867 0.428021 0.361867
6 0.235329 0.212511 0.268533 0.212511 0.268533 0.230987 0.235329 0.230987
6 0.213556 0.387274 0.226620 0.387274 0.226620 0.452712 0.213556 0.452712
6 0.197770 0.499676 0.252203 0.499676 0.252203 0.518152 0.197770 0.518152
6 0.752466 0.541969 0.784447 0.541969 0.784447 0.569906 0.752466 0.569906
6 0.164023 0.144761 0.176542 0.144761 0.176542 0.166316 0.164023 0.166316
6 0.235873 0.098568 0.251659 0.098568 0.251659 0.115506 0.235873 0.115506
6 0.273976 0.096258 0.288129 0.096258 0.288129 0.115506 0.273976 0.115506
6 0.362157 0.096258 0.382842 0.096258 0.382842 0.113965 0.362157 0.113965
6 0.407881 0.094717 0.425844 0.094717 0.425844 0.113195 0.407881 0.113195
8 0.478100 0.026200 0.731756 0.026200 0.731756 0.117044 0.478100 0.117044
10 0.369778 0.266401 0.478644 0.266401 0.478644 0.284110 0.369778 0.284110
10 0.512949 0.528643 0.617655 0.528643 0.617655 0.545752 0.512949 0.545752
10 0.645408 0.088764 0.706027 0.088764 0.706027 0.103616 0.645408 0.103616
3 0.520130 0.547891 0.610474 0.547891 0.610474 0.562862 0.520130 0.562862
0 0.469868 0.744020 0.996997 0.744020 0.996997 0.994386 0.469868 0.994386
6 0.277787 0.294886 0.312624 0.294886 0.312624 0.324141 0.277787 0.324141
