6 0.628172 0.457291 0.639277 0.457291 0.639277 0.473590 0.628172 0.473590
9 0.008914 0.011795 0.268687 0.011795 0.268687 0.058309 0.008914 0.058309
8 0.050934 0.077317 0.297732 0.077317 0.297732 0.160104 0.050934 0.160104
6 0.208073 0.179373 0.236434 0.179373 0.236434 0.196442 0.208073 0.196442
10 0.357722 0.219359 0.427910 0.219359 0.427910 0.237138 0.357722 0.237138
4 0.363588 0.251364 0.392921 0.251364 0.392921 0.267071 0.363588 0.267071
6 0.054640 0.393336 0.068399 0.393336 0.068399 0.432765 0.054640 0.432765
6 0.148557 0.537025 0.164850 0.537025 0.164850 0.556996 0.148557 0.556996
6 0.313234 0.488157 0.328353 0.488157 0.328353 0.505854 0.313234 0.505854
6 0.301242 0.303807 0.320532 0.303807 0.320532 0.319294 0.301242 0.319294
6 0.161508 0.296388 0.176092 0.296388 0.176092 0.313459 0.161508 0.313459
4 0.036188 0.521439 0.101055 0.521439 0.101055 0.562407 0.036188 0.562407
6 0.626285 0.558936 0.655199 0.558936 0.655199 0.576122 0.626285 0.576122
6 0.575027 0.627571 0.589140 0.627571 0.589140 0.644240 0.575027 0.644240
6 0.579537 0.661529 0.596125 0.661529 0.596125 0.681079 0.579537 0.681079
4 0.364450 0.438500 0.423463 0.438500 0.423463 0.465641 0.364450 0.465641
0 0.470944 0.744250 0.994907 0.744250 0.994907 0.993488 0.470944 0.993488
1 0.470944 0.699269 0.668016 0.699269 0.668016 0.732453 0.470944 0.732453
10 0.216807 0.116582 0.271550 0.116582 0.271550 0.136246 0.216807 0.136246
