6 0.233869 0.865832 0.254185 0.865832 0.254185 0.888822 0.233869 0.888822
6 0.140410 0.823687 0.168854 0.823687 0.168854 0.844761 0.140410 0.844761
6 0.056434 0.260469 0.071332 0.260469 0.071332 0.323687 0.056434 0.323687
12 0.381505 0.588055 0.431620 0.588055 0.431620 0.628285 0.381505 0.628285
0 0.470900 0.747059 0.995076 0.747059 0.995076 0.992269 0.470900 0.992269
1 0.469545 0.697250 0.814932 0.697250 0.814932 0.739395 0.469545 0.739395
7 0.262877 0.579473 0.343768 0.579473 0.343768 0.600757 0.262877 0.600757
10 0.247826 0.556855 0.351291 0.556855 0.351291 0.580793 0.247826 0.580793
6 0.047479 0.715167 0.062528 0.715167 0.062528 0.751086 0.047479 0.751086
6 0.075697 0.756408 0.088864 0.756408 0.088864 0.781686 0.075697 0.781686
9 0.006092 0.004625 0.274163 0.004625 0.274163 0.064625 0.006092 0.064625
6 0.232514 0.825602 0.255540 0.825602 0.255540 0.844761 0.232514 0.844761
