6 0.514674 0.545394 0.530424 0.545394 0.530424 0.565646 0.514674 0.565646
6 0.611089 0.545394 0.621591 0.545394 0.621591 0.565646 0.611089 0.565646
6 0.612521 0.593326 0.631615 0.593326 0.631615 0.618979 0.612521 0.618979
9 0.005950 0.001805 0.275381 0.001805 0.275381 0.068882 0.005950 0.068882
10 0.158603 0.313839 0.218266 0.313839 0.218266 0.330041 0.158603 0.330041
3 0.150010 0.333416 0.220174 0.333416 0.220174 0.347593 0.150010 0.347593
4 0.405370 0.343544 0.422553 0.343544 0.422553 0.401601 0.405370 0.401601
11 0.311341 0.377298 0.327570 0.377298 0.327570 0.402276 0.311341 0.402276
4 0.272201 0.336792 0.292249 0.336792 0.292249 0.413752 0.272201 0.413752
1 0.943046 0.400281 0.965728 0.400281 0.965728 0.493604 0.943046 0.493604
4 0.926550 0.428471 0.942358 0.428471 0.942358 0.462496 0.926550 0.462496
12 0.931361 0.521795 0.970539 0.521795 0.970539 0.551933 0.931361 0.551933
0 0.467417 0.746357 0.998031 0.746357 0.998031 0.995223 0.467417 0.995223
6 0.345230 0.363795 0.355729 0.363795 0.355729 0.383372 0.345230 0.383372
1 0.471238 0.705389 0.667412 0.705389 0.667412 0.742521 0.471238 0.742521
4 0.664548 0.330041 0.679822 0.330041 0.679822 0.363795 0.664548 0.363795
6 0.383414 0.544045 0.403462 0.544045 0.403462 0.564296 0.383414 0.564296
