7 0.266803 0.403967 0.343766 0.403967 0.343766 0.420094 0.266803 0.420094
6 0.264808 0.679325 0.283337 0.679325 0.283337 0.697467 0.264808 0.697467
6 0.264808 0.647073 0.283337 0.647073 0.283337 0.665215 0.264808 0.665215
6 0.078502 0.541122 0.092184 0.541122 0.092184 0.579826 0.078502 0.579826
10 0.252831 0.383075 0.354414 0.383075 0.354414 0.404146 0.252831 0.404146
6 0.164045 0.649693 0.182572 0.649693 0.182572 0.665820 0.164045 0.665820
12 0.407332 0.409209 0.454365 0.409209 0.454365 0.451541 0.407332 0.451541
6 0.105182 0.574504 0.119434 0.574504 0.119434 0.608774 0.105182 0.608774
0 0.469044 0.742421 0.992104 0.742421 0.992104 0.992380 0.469044 0.992380
1 0.467619 0.696057 0.819651 0.696057 0.819651 0.734357 0.467619 0.734357
9 0.004276 0.006451 0.275213 0.006451 0.275213 0.073174 0.004276 0.073174
