6 0.427456 0.647937 0.438974 0.647937 0.438974 0.659075 0.427456 0.659075
6 0.404390 0.835767 0.416041 0.835767 0.416041 0.847452 0.404390 0.847452
6 0.510321 0.469011 0.524885 0.469011 0.524885 0.482759 0.510321 0.482759
6 0.407885 0.451141 0.421964 0.451141 0.421964 0.461450 0.407885 0.461450
6 0.324383 0.504065 0.338462 0.504065 0.338462 0.517125 0.324383 0.517125
6 0.296448 0.197195 0.318193 0.197195 0.318193 0.229690 0.296448 0.229690
10 0.671493 0.078259 0.711505 0.078259 0.711505 0.093496 0.671493 0.093496
10 0.672596 0.118890 0.710953 0.118890 0.710953 0.130609 0.672596 0.130609
6 0.186518 0.397298 0.196183 0.397298 0.196183 0.424662 0.186518 0.424662
6 0.489732 0.087737 0.498188 0.087737 0.498188 0.101420 0.489732 0.101420
6 0.472820 0.062083 0.482484 0.062083 0.482484 0.075765 0.472820 0.075765
6 0.333897 0.106550 0.339937 0.106550 0.339937 0.116812 0.333897 0.116812
6 0.346602 0.064135 0.355662 0.064135 0.355662 0.075538 0.346602 0.075538
6 0.331502 0.092641 0.337542 0.092641 0.337542 0.102617 0.331502 0.102617
6 0.330494 0.035630 0.337542 0.035630 0.337542 0.048457 0.330494 0.048457
6 0.286099 0.065560 0.293247 0.065560 0.293247 0.104041 0.286099 0.104041
6 0.258013 0.049884 0.268080 0.049884 0.268080 0.088365 0.258013 0.088365
6 0.499543 0.836455 0.512166 0.836455 0.512166 0.847452 0.499543 0.847452
0 0.757351 0.879234 0.995234 0.879234 0.995234 0.996078 0.757351 0.996078
6 0.456947 0.268107 0.469182 0.268107 0.469182 0.282129 0.456947 0.282129
6 0.408594 0.329141 0.419081 0.329141 0.419081 0.341514 0.408594 0.341514
6 0.357910 0.268933 0.370144 0.268933 0.370144 0.281303 0.357910 0.281303
6 0.347313 0.124857 0.374015 0.124857 0.374015 0.139177 0.347313 0.139177
6 0.352168 0.163232 0.369970 0.163232 0.369970 0.174117 0.352168 0.174117
6 0.933806 0.572916 0.946389 0.572916 0.946389 0.592711 0.933806 0.592711
3 0.871613 0.777688 0.911907 0.777688 0.911907 0.786624 0.871613 0.786624
10 0.864331 0.766003 0.920646 0.766003 0.920646 0.777000 0.864331 0.777000
6 0.894430 0.678714 0.911907 0.678714 0.911907 0.700708 0.894430 0.700708
6 0.804131 0.639537 0.814326 0.639537 0.814326 0.652596 0.804131 0.652596
6 0.751474 0.215011 0.765228 0.215011 0.765228 0.229331 0.751474 0.229331
6 0.095594 0.671738 0.105708 0.671738 0.105708 0.686056 0.095594 0.686056
6 0.074961 0.695794 0.084671 0.695794 0.084671 0.708394 0.074961 0.708394
10 0.684676 0.585813 0.726624 0.585813 0.726624 0.596631 0.684676 0.596631
6 0.787439 0.576944 0.794721 0.576944 0.794721 0.600428 0.787439 0.600428
6 0.341486 0.586285 0.374357 0.586285 0.374357 0.597423 0.341486 0.597423
6 0.372671 0.606968 0.383066 0.606968 0.383066 0.618902 0.372671 0.618902
6 0.391214 0.583501 0.398799 0.583501 0.398799 0.601798 0.391214 0.601798
6 0.406946 0.627652 0.420151 0.627652 0.420151 0.638391 0.406946 0.638391
5 0.486308 0.500108 0.502491 0.500108 0.502491 0.523496 0.486308 0.523496
11 0.492537 0.310843 0.501434 0.310843 0.501434 0.325085 0.492537 0.325085
11 0.610066 0.330720 0.623411 0.330720 0.623411 0.355249 0.610066 0.355249
6 0.525843 0.315611 0.539328 0.315611 0.539328 0.327544 0.525843 0.327544
6 0.024391 0.678267 0.038955 0.678267 0.038955 0.703468 0.024391 0.703468
6 0.031592 0.614655 0.042758 0.614655 0.042758 0.630463 0.031592 0.630463
6 0.564605 0.271430 0.571079 0.271430 0.571079 0.286899 0.564605 0.286899
6 0.213210 0.392719 0.222433 0.392719 0.222433 0.448392 0.213210 0.448392
6 0.288943 0.548054 0.296226 0.548054 0.296226 0.569360 0.288943 0.569360
10 0.512177 0.702275 0.564607 0.702275 0.564607 0.712998 0.512177 0.712998
3 0.515088 0.712998 0.556451 0.712998 0.556451 0.722896 0.515088 0.722896
11 0.258553 0.359109 0.269233 0.359109 0.269233 0.390725 0.258553 0.390725
8 0.082081 0.331970 0.180391 0.331970 0.180391 0.382947 0.082081 0.382947
8 0.609843 0.043147 0.718105 0.043147 0.718105 0.142808 0.609843 0.142808
6 0.490489 0.036480 0.496962 0.036480 0.496962 0.046790 0.490489 0.046790
8 0.156117 0.640292 0.255236 0.640292 0.255236 0.686114 0.156117 0.686114
3 0.445381 0.593516 0.490894 0.593516 0.490894 0.604495 0.445381 0.604495
10 0.449426 0.582538 0.487859 0.582538 0.487859 0.593516 0.449426 0.593516
12 0.533373 0.113822 0.554275 0.113822 0.554275 0.134825 0.533373 0.134825
6 0.511081 0.202411 0.532119 0.202411 0.532119 0.232767 0.511081 0.232767
3 0.685691 0.596904 0.726148 0.596904 0.726148 0.605020 0.685691 0.605020
