6 0.162632 0.939657 0.185363 0.939657 0.185363 0.958503 0.162632 0.958503
6 0.244936 0.941872 0.260612 0.941872 0.260612 0.958503 0.244936 0.958503
3 0.258168 0.801669 0.333939 0.801669 0.333939 0.815527 0.258168 0.815527
10 0.245105 0.783191 0.345697 0.783191 0.345697 0.800745 0.245105 0.800745
5 0.339165 0.591952 0.360067 0.591952 0.360067 0.626137 0.339165 0.626137
9 0.006766 0.010416 0.269677 0.010416 0.269677 0.059688 0.006766 0.059688
12 0.386025 0.021821 0.430703 0.021821 0.430703 0.057298 0.386025 0.057298
6 0.061820 0.099908 0.073576 0.099908 0.073576 0.121156 0.061820 0.121156
6 0.084681 0.120232 0.097744 0.120232 0.097744 0.140556 0.084681 0.140556
10 0.568895 0.173624 0.626650 0.173624 0.626650 0.192525 0.568895 0.192525
6 0.159145 0.174739 0.176781 0.174739 0.176781 0.191369 0.159145 0.191369
8 0.421182 0.119313 0.646533 0.119313 0.646533 0.200150 0.421182 0.200150
6 0.161105 0.080506 0.172861 0.080506 0.172861 0.099908 0.161105 0.099908
6 0.202256 0.082354 0.214014 0.082354 0.214014 0.101754 0.202256 0.101754
6 0.306114 0.080506 0.316564 0.080506 0.316564 0.099908 0.306114 0.099908
6 0.353797 0.079582 0.365553 0.079582 0.365553 0.099908 0.353797 0.099908
6 0.242754 0.218162 0.261043 0.218162 0.261043 0.239410 0.242754 0.239410
6 0.066000 0.449124 0.077104 0.449124 0.077104 0.518413 0.066000 0.518413
6 0.152222 0.605256 0.166591 0.605256 0.166591 0.624657 0.152222 0.624657
6 0.092781 0.668079 0.102579 0.668079 0.102579 0.698566 0.092781 0.698566
6 0.241709 0.727206 0.262612 0.727206 0.262612 0.745682 0.241709 0.745682
10 0.559827 0.145269 0.631900 0.145269 0.631900 0.160796 0.559827 0.160796
0 0.468327 0.742320 0.997414 0.742320 0.997414 0.995087 0.468327 0.995087
