9 0.005384 0.008353 0.272540 0.008353 0.272540 0.060090 0.005384 0.060090
10 0.461693 0.195767 0.530424 0.195767 0.530424 0.213994 0.461693 0.213994
6 0.170641 0.285510 0.184358 0.285510 0.184358 0.305835 0.170641 0.305835
6 0.170641 0.148778 0.180440 0.148778 0.180440 0.171875 0.170641 0.171875
6 0.171295 0.217146 0.181093 0.217146 0.181093 0.231925 0.171295 0.231925
6 0.305199 0.151551 0.314344 0.151551 0.314344 0.167257 0.305199 0.167257
6 0.305853 0.215298 0.316956 0.215298 0.316956 0.232850 0.305853 0.232850
6 0.234023 0.312363 0.250352 0.312363 0.250352 0.330839 0.234023 0.330839
6 0.235656 0.370873 0.251986 0.370873 0.251986 0.387042 0.235656 0.387042
6 0.102709 0.180191 0.115772 0.180191 0.115772 0.206057 0.102709 0.206057
6 0.120345 0.242088 0.131450 0.242088 0.131450 0.261490 0.120345 0.261490
12 0.328192 0.062922 0.367927 0.062922 0.367927 0.098336 0.328192 0.098336
12 0.556809 0.361635 0.598722 0.361635 0.598722 0.394741 0.556809 0.394741
8 0.359762 0.132980 0.542656 0.132980 0.542656 0.257702 0.359762 0.257702
6 0.088687 0.532779 0.105562 0.532779 0.105562 0.565116 0.088687 0.565116
6 0.118081 0.647492 0.133867 0.647492 0.133867 0.671359 0.118081 0.671359
6 0.183944 0.567424 0.202451 0.567424 0.202451 0.586672 0.183944 0.586672
6 0.704873 0.170535 0.734972 0.170535 0.734972 0.215767 0.704873 0.215767
6 0.705813 0.267649 0.737794 0.267649 0.737794 0.308890 0.705813 0.308890
9 0.772596 0.468534 0.981409 0.468534 0.981409 0.564318 0.772596 0.564318
0 0.468640 0.740547 0.996944 0.740547 0.996944 0.994422 0.468640 0.994422
