6 0.102434 0.566843 0.113958 0.566843 0.113958 0.586105 0.102434 0.586105
6 0.270729 0.705322 0.287831 0.705322 0.287831 0.722760 0.270729 0.722760
6 0.197467 0.706500 0.210788 0.706500 0.210788 0.722891 0.197467 0.722891
6 0.271462 0.762903 0.287482 0.762903 0.287482 0.780484 0.271462 0.780484
0 0.469631 0.747230 0.994532 0.747230 0.994532 0.991454 0.469631 0.991454
1 0.470995 0.697869 0.815613 0.697869 0.815613 0.729577 0.470995 0.729577
6 0.126326 0.152054 0.143532 0.152054 0.143532 0.206621 0.126326 0.206621
9 0.007816 0.008563 0.269075 0.008563 0.269075 0.058406 0.007816 0.058406
10 0.178680 0.384773 0.280778 0.384773 0.280778 0.405665 0.178680 0.405665
7 0.192148 0.405051 0.269918 0.405051 0.269918 0.422871 0.192148 0.422871
12 0.393304 0.425943 0.432406 0.425943 0.432406 0.463428 0.393304 0.463428
6 0.128274 0.600428 0.139798 0.600428 0.139798 0.620184 0.128274 0.620184
