6 0.228346 0.083418 0.236939 0.083418 0.236939 0.101241 0.228346 0.101241
6 0.339465 0.083418 0.349201 0.083418 0.349201 0.104480 0.339465 0.104480
6 0.381849 0.086659 0.393304 0.086659 0.393304 0.105290 0.381849 0.105290
6 0.197417 0.164429 0.227775 0.164429 0.227775 0.180631 0.197417 0.180631
6 0.107973 0.096899 0.121582 0.096899 0.121582 0.127695 0.107973 0.127695
6 0.134101 0.115375 0.146077 0.115375 0.146077 0.135392 0.134101 0.135392
6 0.398310 0.597281 0.422610 0.597281 0.422610 0.633866 0.398310 0.633866
10 0.356036 0.929463 0.457932 0.929463 0.457932 0.949787 0.356036 0.949787
3 0.369099 0.947939 0.443563 0.947939 0.443563 0.963645 0.369099 0.963645
8 0.445261 0.106860 0.698047 0.106860 0.698047 0.199245 0.445261 0.199245
0 0.469560 0.743176 0.993944 0.743176 0.993944 0.992617 0.469560 0.992617
9 0.008745 0.011592 0.272896 0.011592 0.272896 0.060484 0.008745 0.060484
10 0.612100 0.165162 0.668582 0.165162 0.668582 0.180914 0.612100 0.180914
10 0.605338 0.130844 0.673354 0.130844 0.673354 0.148846 0.605338 0.148846
12 0.413390 0.029695 0.451573 0.029695 0.451573 0.064799 0.413390 0.064799
6 0.102186 0.467489 0.116504 0.467489 0.116504 0.523522 0.102186 0.523522
6 0.195259 0.649763 0.212921 0.649763 0.212921 0.667990 0.195259 0.667990
6 0.277972 0.754688 0.299966 0.754688 0.299966 0.773159 0.277972 0.773159
6 0.214050 0.917034 0.226422 0.917034 0.226422 0.938420 0.214050 0.938420
6 0.279347 0.944253 0.297217 0.944253 0.297217 0.965641 0.279347 0.965641
6 0.138021 0.704364 0.152913 0.704364 0.152913 0.726239 0.138021 0.726239
6 0.280469 0.210605 0.295360 0.210605 0.295360 0.227617 0.280469 0.227617
6 0.185962 0.084228 0.193409 0.084228 0.193409 0.101241 0.185962 0.101241
