6 0.092724 0.206485 0.112198 0.206485 0.112198 0.235651 0.092724 0.235651
6 0.118498 0.215397 0.129381 0.215397 0.129381 0.238890 0.118498 0.238890
6 0.378536 0.155450 0.391137 0.155450 0.391137 0.169221 0.378536 0.169221
12 0.439249 0.146538 0.479343 0.146538 0.479343 0.201626 0.439249 0.201626
1 0.472482 0.703094 0.665061 0.703094 0.665061 0.727005 0.472482 0.727005
0 0.465883 0.740752 0.995695 0.740752 0.995695 0.995936 0.465883 0.995936
6 0.430440 0.531713 0.445562 0.531713 0.445562 0.574485 0.430440 0.574485
6 0.214724 0.618021 0.232480 0.618021 0.232480 0.637463 0.214724 0.637463
6 0.198687 0.511896 0.221597 0.511896 0.221597 0.532958 0.198687 0.532958
6 0.239354 0.425215 0.255964 0.425215 0.255964 0.441418 0.239354 0.441418
6 0.345316 0.424405 0.360780 0.424405 0.360780 0.442228 0.345316 0.442228
6 0.303503 0.423595 0.318396 0.423595 0.318396 0.443849 0.303503 0.443849
6 0.375673 0.462479 0.390564 0.462479 0.390564 0.481923 0.375673 0.481923
6 0.380828 0.519187 0.398582 0.519187 0.398582 0.539439 0.380828 0.539439
6 0.371089 0.619640 0.389419 0.619640 0.389419 0.638273 0.371089 0.638273
6 0.304649 0.662576 0.324696 0.662576 0.324696 0.682020 0.304649 0.682020
6 0.281738 0.742777 0.316677 0.742777 0.316677 0.767891 0.281738 0.767891
4 0.125372 0.667436 0.161457 0.667436 0.161457 0.693360 0.125372 0.693360
4 0.086424 0.583996 0.155729 0.583996 0.155729 0.618829 0.086424 0.618829
4 0.424931 0.425215 0.491945 0.425215 0.491945 0.463290 0.424931 0.463290
10 0.720084 0.581674 0.786046 0.581674 0.786046 0.601362 0.720084 0.601362
7 0.722405 0.528696 0.781406 0.528696 0.781406 0.539949 0.722405 0.539949
10 0.720416 0.634180 0.784057 0.634180 0.784057 0.650588 0.720416 0.650588
10 0.725719 0.513696 0.778753 0.513696 0.778753 0.526821 0.725719 0.526821
8 0.551512 0.473012 0.814413 0.473012 0.814413 0.669867 0.551512 0.669867
6 0.238781 0.660955 0.253672 0.660955 0.253672 0.684448 0.238781 0.684448
9 0.006809 0.004770 0.271428 0.004770 0.271428 0.062288 0.006809 0.062288
6 0.154584 0.139248 0.174630 0.139248 0.174630 0.185423 0.154584 0.185423
