6 0.106711 0.583493 0.121827 0.583493 0.121827 0.607119 0.106711 0.607119
6 0.076482 0.544112 0.096369 0.544112 0.096369 0.571679 0.076482 0.571679
6 0.087123 0.217424 0.104306 0.217424 0.104306 0.273805 0.087123 0.273805
6 0.166773 0.648749 0.181886 0.648749 0.181886 0.670692 0.166773 0.670692
6 0.265813 0.649313 0.284508 0.649313 0.284508 0.670128 0.265813 0.670128
6 0.266609 0.690943 0.283315 0.690943 0.283315 0.713447 0.266609 0.713447
0 0.470679 0.742426 0.999203 0.742426 0.999203 0.991601 0.470679 0.991601
1 0.471669 0.701831 0.819070 0.701831 0.819070 0.724228 0.471669 0.724228
12 0.415370 0.418096 0.456337 0.418096 0.456337 0.468728 0.415370 0.468728
7 0.255471 0.425970 0.335023 0.425970 0.335023 0.448474 0.255471 0.448474
9 0.003270 0.008416 0.274074 0.008416 0.274074 0.066744 0.003270 0.066744
10 0.245206 0.407961 0.358615 0.407961 0.358615 0.426430 0.245206 0.426430
