4 0.243857 0.441667 0.258574 0.441667 0.258574 0.478798 0.243857 0.478798
12 0.311231 0.430980 0.354944 0.430980 0.354944 0.470643 0.311231 0.470643
6 0.386651 0.545743 0.396993 0.545743 0.396993 0.569935 0.386651 0.569935
12 0.116178 0.478798 0.155555 0.478798 0.155555 0.504112 0.116178 0.504112
9 0.649990 0.007888 0.995083 0.007888 0.995083 0.070672 0.649990 0.070672
4 0.211638 0.441667 0.224368 0.441667 0.224368 0.480484 0.211638 0.480484
3 0.112598 0.540119 0.128110 0.540119 0.128110 0.573309 0.112598 0.573309
6 0.385078 0.230936 0.399511 0.230936 0.399511 0.254267 0.385078 0.254267
9 0.005675 0.005402 0.273730 0.005402 0.273730 0.062758 0.005675 0.062758
6 0.175841 0.643631 0.189762 0.643631 0.189762 0.664446 0.175841 0.664446
0 0.467611 0.743732 0.997949 0.743732 0.997949 0.993374 0.467611 0.993374
1 0.474158 0.708326 0.814240 0.708326 0.814240 0.726330 0.474158 0.726330
6 0.249029 0.643631 0.262155 0.643631 0.262155 0.662758 0.249029 0.662758
6 0.278064 0.642506 0.291986 0.642506 0.291986 0.663321 0.278064 0.663321
6 0.257778 0.699889 0.277667 0.699889 0.277667 0.719579 0.257778 0.719579
4 0.272466 0.440312 0.293085 0.440312 0.293085 0.474141 0.272466 0.474141
6 0.206468 0.670073 0.242665 0.670073 0.242665 0.690324 0.206468 0.690324
