5 0.426142 0.601335 0.447915 0.601335 0.447915 0.637521 0.426142 0.637521
6 0.251413 0.433503 0.271553 0.433503 0.271553 0.452750 0.251413 0.452750
6 0.370703 0.237850 0.386125 0.237850 0.386125 0.255172 0.370703 0.255172
10 0.608529 0.219422 0.651804 0.219422 0.651804 0.235701 0.608529 0.235701
10 0.602774 0.264349 0.657329 0.264349 0.657329 0.279001 0.602774 0.279001
6 0.261384 0.237850 0.277713 0.237850 0.277713 0.253249 0.261384 0.253249
12 0.393055 0.399342 0.440086 0.399342 0.440086 0.439253 0.393055 0.439253
12 0.436323 0.038817 0.479590 0.038817 0.479590 0.078728 0.436323 0.078728
8 0.495581 0.175842 0.671473 0.175842 0.671473 0.295573 0.495581 0.295573
9 0.005637 0.007088 0.271356 0.007088 0.271356 0.059192 0.005637 0.059192
6 0.147250 0.163737 0.163580 0.163737 0.163580 0.219168 0.147250 0.219168
6 0.196239 0.187758 0.209957 0.187758 0.209957 0.262588 0.196239 0.262588
6 0.248495 0.279219 0.262213 0.279219 0.262213 0.300467 0.248495 0.300467
6 0.315817 0.312912 0.333506 0.312912 0.333506 0.332160 0.315817 0.332160
6 0.263198 0.126860 0.276805 0.126860 0.276805 0.144823 0.263198 0.144823
6 0.282702 0.177542 0.297217 0.177542 0.297217 0.194865 0.282702 0.194865
6 0.351650 0.177542 0.367074 0.177542 0.367074 0.195506 0.351650 0.195506
6 0.370703 0.128142 0.387486 0.128142 0.387486 0.141616 0.370703 0.141616
0 0.470607 0.745433 0.994207 0.745433 0.994207 0.992656 0.470607 0.992656
3 0.425598 0.676014 0.503436 0.676014 0.503436 0.692182 0.425598 0.692182
10 0.417977 0.659848 0.506703 0.659848 0.506703 0.676785 0.417977 0.676785
6 0.313467 0.812284 0.335239 0.812284 0.335239 0.828452 0.313467 0.828452
6 0.287883 0.782259 0.307479 0.782259 0.307479 0.802276 0.287883 0.802276
6 0.201334 0.727596 0.212222 0.727596 0.212222 0.750694 0.201334 0.750694
6 0.180106 0.683713 0.193715 0.683713 0.193715 0.711430 0.180106 0.711430
6 0.200246 0.565152 0.214399 0.565152 0.214399 0.589787 0.200246 0.589787
6 0.149080 0.602876 0.164320 0.602876 0.164320 0.634441 0.149080 0.634441
6 0.314554 0.433503 0.333061 0.433503 0.333061 0.454289 0.314554 0.454289
