6 0.210843 0.206398 0.249027 0.206398 0.249027 0.222600 0.210843 0.222600
6 0.118245 0.292134 0.129701 0.292134 0.129701 0.313062 0.118245 0.313062
6 0.099153 0.350866 0.110609 0.350866 0.110609 0.376519 0.099153 0.376519
6 0.289121 0.394071 0.299622 0.394071 0.299622 0.416350 0.289121 0.416350
6 0.195569 0.487910 0.209889 0.487910 0.209889 0.503437 0.195569 0.503437
6 0.398902 0.417025 0.410835 0.417025 0.410835 0.436604 0.398902 0.436604
6 0.451883 0.477109 0.466203 0.477109 0.466203 0.496011 0.451883 0.496011
6 0.518707 0.478459 0.532548 0.478459 0.532548 0.496686 0.518707 0.496686
6 0.518707 0.523014 0.533980 0.523014 0.533980 0.538541 0.518707 0.538541
10 0.625823 0.320189 0.695430 0.320189 0.695430 0.337378 0.625823 0.337378
0 0.470301 0.746352 0.993354 0.746352 0.993354 1.000000 0.470301 1.000000
1 0.473051 0.703578 0.662752 0.703578 0.662752 0.744407 0.473051 0.744407
9 0.005204 0.005728 0.269961 0.005728 0.269961 0.061722 0.005204 0.061722
11 0.158339 0.234076 0.178385 0.234076 0.178385 0.251628 0.158339 0.251628
