6 0.068955 0.130339 0.081556 0.130339 0.081556 0.198387 0.068955 0.198387
6 0.158307 0.460051 0.205274 0.460051 0.205274 0.480305 0.158307 0.480305
6 0.497387 0.508657 0.513424 0.508657 0.513424 0.528909 0.497387 0.528909
6 0.278016 0.620452 0.323838 0.620452 0.323838 0.645566 0.278016 0.645566
6 0.304936 0.649615 0.330711 0.649615 0.330711 0.667438 0.304936 0.667438
1 0.473067 0.699889 0.652870 0.699889 0.652870 0.736052 0.473067 0.736052
6 0.361640 0.096313 0.384551 0.096313 0.384551 0.118186 0.361640 0.118186
6 0.088430 0.191096 0.104467 0.191096 0.104467 0.226742 0.088430 0.226742
6 0.186945 0.220259 0.206420 0.220259 0.206420 0.241323 0.186945 0.241323
6 0.113058 0.316662 0.128524 0.316662 0.128524 0.337726 0.113058 0.337726
6 0.046617 0.470583 0.062083 0.470583 0.062083 0.505416 0.046617 0.505416
6 0.291190 0.677160 0.316964 0.677160 0.316964 0.696601 0.291190 0.696601
6 0.473330 0.637465 0.488794 0.637465 0.488794 0.653667 0.473330 0.653667
6 0.512278 0.575087 0.526598 0.575087 0.526598 0.601819 0.512278 0.601819
6 0.534043 0.549163 0.545499 0.549163 0.545499 0.576705 0.534043 0.576705
5 0.410961 0.528287 0.433229 0.528287 0.433229 0.552787 0.410961 0.552787
5 0.350414 0.483058 0.375617 0.483058 0.375617 0.520324 0.350414 0.520324
5 0.531409 0.380985 0.556610 0.380985 0.556610 0.418249 0.531409 0.418249
6 0.492367 0.148224 0.506388 0.148224 0.506388 0.180888 0.492367 0.180888
11 0.395866 0.478360 0.409889 0.478360 0.409889 0.515689 0.395866 0.515689
5 0.056054 0.285878 0.080799 0.285878 0.080799 0.309209 0.056054 0.309209
9 0.007310 0.009289 0.268849 0.009289 0.268849 0.059567 0.007310 0.059567
10 0.150337 0.069511 0.228615 0.069511 0.228615 0.090440 0.150337 0.090440
3 0.154154 0.091115 0.226229 0.091115 0.226229 0.105968 0.154154 0.105968
10 0.251955 0.296476 0.346805 0.296476 0.346805 0.317862 0.251955 0.317862
10 0.795490 0.620583 0.882093 0.620583 0.882093 0.640997 0.795490 0.640997
3 0.803051 0.640997 0.877968 0.640997 0.877968 0.657523 0.803051 0.657523
6 0.777619 0.474763 0.794115 0.474763 0.794115 0.512675 0.777619 0.512675
6 0.757000 0.556422 0.770746 0.556422 0.770746 0.578781 0.757000 0.578781
6 0.738442 0.630302 0.754250 0.630302 0.754250 0.649746 0.738442 0.649746
0 0.468324 0.743070 0.994813 0.743070 0.994813 0.998740 0.468324 0.998740
