6 0.073787 0.096664 0.101500 0.096664 0.101500 0.116260 0.073787 0.116260
1 0.471142 0.701853 0.666342 0.701853 0.666342 0.733931 0.471142 0.733931
0 0.471142 0.744625 0.992820 0.744625 0.992820 0.995435 0.471142 0.995435
6 0.379412 0.850593 0.431784 0.850593 0.431784 0.870283 0.379412 0.870283
6 0.381917 0.759061 0.393944 0.759061 0.393944 0.779313 0.381917 0.779313
6 0.381917 0.674001 0.392800 0.674001 0.392800 0.694253 0.381917 0.694253
6 0.380771 0.622153 0.393944 0.622153 0.393944 0.641597 0.380771 0.641597
6 0.381917 0.541952 0.393944 0.541952 0.393944 0.562206 0.381917 0.562206
8 0.043696 0.741224 0.297318 0.741224 0.297318 0.838435 0.043696 0.838435
8 0.045759 0.464165 0.214840 0.464165 0.214840 0.556519 0.045759 0.556519
6 0.426535 0.412644 0.445093 0.412644 0.445093 0.434030 0.426535 0.434030
6 0.169224 0.286461 0.188820 0.286461 0.188820 0.314178 0.169224 0.314178
6 0.122194 0.288679 0.140222 0.288679 0.140222 0.309744 0.122194 0.309744
6 0.222524 0.286461 0.241336 0.286461 0.241336 0.311959 0.222524 0.311959
6 0.067325 0.288679 0.086921 0.288679 0.086921 0.316393 0.067325 0.316393
6 0.145709 0.428365 0.164520 0.428365 0.164520 0.450537 0.145709 0.450537
6 0.485892 0.262071 0.500785 0.262071 0.500785 0.293113 0.485892 0.293113
6 0.014024 0.218844 0.030486 0.218844 0.030486 0.280919 0.014024 0.280919
6 0.281312 0.178924 0.294637 0.178924 0.294637 0.205532 0.281312 0.205532
6 0.376155 0.085801 0.394183 0.085801 0.394183 0.104647 0.376155 0.104647
9 0.007842 0.011415 0.271315 0.011415 0.271315 0.060022 0.007842 0.060022
10 0.213604 0.806381 0.266316 0.806381 0.266316 0.821030 0.213604 0.821030
10 0.220510 0.767963 0.258490 0.767963 0.258490 0.781638 0.220510 0.781638
10 0.151657 0.527910 0.202172 0.527910 0.202172 0.543099 0.151657 0.543099
10 0.149668 0.496405 0.202967 0.496405 0.202967 0.509344 0.149668 0.509344
