6 0.078970 0.402629 0.098021 0.402629 0.098021 0.422646 0.078970 0.422646
6 0.201922 0.389896 0.238502 0.389896 0.238502 0.409299 0.201922 0.409299
6 0.344756 0.149507 0.357004 0.149507 0.357004 0.175810 0.344756 0.175810
6 0.069795 0.241144 0.084159 0.241144 0.084159 0.272153 0.069795 0.272153
10 0.647539 0.574802 0.734177 0.574802 0.734177 0.590839 0.647539 0.590839
12 0.377407 0.788004 0.421305 0.788004 0.421305 0.826802 0.377407 0.826802
6 0.050551 0.689337 0.063092 0.689337 0.063092 0.715943 0.050551 0.715943
6 0.356167 0.715943 0.368004 0.715943 0.368004 0.753638 0.356167 0.753638
10 0.357029 0.593994 0.415817 0.593994 0.415817 0.617296 0.357029 0.617296
6 0.307648 0.788004 0.332731 0.788004 0.332731 0.809069 0.307648 0.809069
1 0.473037 0.701531 0.667428 0.701531 0.667428 0.730356 0.473037 0.730356
0 0.470686 0.745876 0.994286 0.745876 0.994286 0.991991 0.470686 0.991991
11 0.184117 0.139678 0.202928 0.139678 0.202928 0.169613 0.184117 0.169613
9 0.006971 0.008861 0.270339 0.008861 0.270339 0.057642 0.006971 0.057642
6 0.497558 0.526582 0.516610 0.526582 0.516610 0.550448 0.497558 0.550448
6 0.439314 0.454983 0.460000 0.454983 0.460000 0.486548 0.439314 0.486548
6 0.455100 0.399550 0.469796 0.399550 0.469796 0.421108 0.455100 0.421108
