6 0.341447 0.160929 0.352083 0.160929 0.352083 0.179509 0.341447 0.179509
10 0.416441 0.057941 0.473757 0.057941 0.473757 0.068036 0.416441 0.068036
10 0.415061 0.091149 0.474448 0.091149 0.474448 0.105474 0.415061 0.105474
3 0.418283 0.069337 0.471455 0.069337 0.471455 0.080080 0.418283 0.080080
10 0.677197 0.486055 0.729701 0.486055 0.729701 0.500907 0.677197 0.500907
10 0.676166 0.558841 0.732514 0.558841 0.732514 0.570094 0.676166 0.570094
10 0.670530 0.632446 0.736824 0.632446 0.736824 0.649792 0.670530 0.649792
10 0.677491 0.658699 0.729200 0.658699 0.729200 0.670888 0.677491 0.670888
7 0.670862 0.570561 0.733840 0.570561 0.733840 0.585564 0.670862 0.585564
6 0.240258 0.619301 0.256066 0.619301 0.256066 0.639715 0.240258 0.639715
8 0.317046 0.032622 0.487843 0.032622 0.487843 0.119340 0.317046 0.119340
6 0.189396 0.487090 0.208642 0.487090 0.208642 0.507506 0.189396 0.507506
6 0.244382 0.488062 0.260877 0.488062 0.260877 0.507506 0.244382 0.507506
6 0.324112 0.377240 0.342670 0.377240 0.342670 0.398628 0.324112 0.398628
6 0.124789 0.604719 0.137159 0.604719 0.137159 0.664018 0.124789 0.664018
12 0.073927 0.760259 0.118603 0.760259 0.118603 0.796226 0.073927 0.796226
6 0.300742 0.769008 0.319300 0.769008 0.319300 0.787479 0.300742 0.787479
9 0.007361 0.009615 0.273253 0.009615 0.273253 0.060053 0.007361 0.060053
6 0.096826 0.175085 0.106210 0.175085 0.106210 0.222869 0.096826 0.222869
6 0.265121 0.160044 0.273253 0.160044 0.273253 0.176855 0.265121 0.176855
6 0.290145 0.160044 0.300782 0.160044 0.300782 0.181280 0.290145 0.181280
6 0.218197 0.244105 0.269499 0.244105 0.269499 0.260917 0.218197 0.260917
6 0.134365 0.224640 0.145625 0.224640 0.145625 0.290119 0.134365 0.290119
0 0.467823 0.744057 0.996479 0.744057 0.996479 0.993590 0.467823 0.993590
6 0.315170 0.159158 0.326432 0.159158 0.326432 0.176855 0.315170 0.176855
6 0.092483 0.526947 0.106918 0.526947 0.106918 0.559028 0.092483 0.559028
6 0.302117 0.515283 0.317925 0.515283 0.317925 0.531809 0.302117 0.531809
6 0.271187 0.576526 0.286309 0.576526 0.286309 0.593053 0.271187 0.593053
6 0.357790 0.488062 0.374973 0.488062 0.374973 0.508478 0.357790 0.508478
6 0.414838 0.496812 0.431334 0.496812 0.431334 0.518198 0.414838 0.518198
6 0.331673 0.574582 0.345418 0.574582 0.345418 0.593053 0.331673 0.593053
8 0.507864 0.447625 0.760617 0.447625 0.760617 0.682114 0.507864 0.682114
6 0.362601 0.620273 0.379785 0.620273 0.379785 0.638742 0.362601 0.638742
6 0.209328 0.741788 0.236822 0.741788 0.236822 0.760259 0.209328 0.760259
