4 0.171744 0.438374 0.186865 0.438374 0.186865 0.479008 0.171744 0.479008
9 0.650756 0.010133 0.995642 0.010133 0.995642 0.065564 0.650756 0.065564
9 0.005988 0.010041 0.270597 0.010041 0.270597 0.060022 0.005988 0.060022
0 0.468156 0.744444 0.993976 0.744444 0.993976 0.993116 0.468156 0.993116
1 0.471548 0.694879 0.818628 0.694879 0.818628 0.732131 0.471548 0.732131
6 0.260198 0.674686 0.308204 0.674686 0.308204 0.693396 0.260198 0.693396
6 0.179306 0.644746 0.192535 0.644746 0.192535 0.659715 0.179306 0.659715
6 0.250369 0.643142 0.263600 0.643142 0.263600 0.661318 0.250369 0.661318
6 0.275319 0.642608 0.291950 0.642608 0.291950 0.660784 0.275319 0.660784
6 0.384561 0.545302 0.397414 0.545302 0.397414 0.570965 0.384561 0.570965
12 0.313120 0.430890 0.349029 0.430890 0.349029 0.464572 0.313120 0.464572
4 0.274941 0.436236 0.287414 0.436236 0.287414 0.472591 0.274941 0.472591
4 0.241298 0.439444 0.256041 0.439444 0.256041 0.477937 0.241298 0.477937
12 0.117311 0.482216 0.154356 0.482216 0.154356 0.501461 0.117311 0.501461
3 0.116933 0.538353 0.129786 0.538353 0.129786 0.575242 0.116933 0.575242
6 0.385251 0.226040 0.397183 0.226040 0.397183 0.254395 0.385251 0.254395
