6 0.348810 0.143041 0.397972 0.143041 0.397972 0.207850 0.348810 0.207850
9 0.003751 0.007172 0.271806 0.007172 0.271806 0.061998 0.003751 0.061998
6 0.160274 0.375271 0.184139 0.375271 0.184139 0.414427 0.160274 0.414427
1 0.490570 0.632482 0.535437 0.632482 0.535437 0.662184 0.490570 0.662184
0 0.468656 0.746746 0.995145 0.746746 0.995145 0.988805 0.468656 0.988805
4 0.471955 0.512315 0.493434 0.512315 0.493434 0.606151 0.471955 0.606151
11 0.112541 0.411727 0.139271 0.411727 0.139271 0.449531 0.112541 0.449531
6 0.467086 0.371343 0.481979 0.371343 0.481979 0.397267 0.467086 0.397267
6 0.639968 0.566323 0.707267 0.566323 0.707267 0.589274 0.639968 0.589274
6 0.593191 0.438730 0.611806 0.438730 0.611806 0.537293 0.593191 0.537293
6 0.363605 0.599403 0.399403 0.599403 0.399403 0.621004 0.363605 0.621004
6 0.298692 0.629780 0.323511 0.629780 0.323511 0.662184 0.298692 0.662184
1 0.474341 0.705796 0.672423 0.705796 0.672423 0.741575 0.474341 0.741575
7 0.762877 0.529579 0.845189 0.529579 0.845189 0.549896 0.762877 0.549896
6 0.289624 0.577799 0.314920 0.577799 0.314920 0.600752 0.289624 0.600752
4 0.758816 0.586575 0.786978 0.586575 0.786978 0.609528 0.758816 0.609528
6 0.177934 0.573072 0.191298 0.573072 0.191298 0.604127 0.177934 0.604127
10 0.774568 0.515015 0.835663 0.515015 0.835663 0.528517 0.774568 0.528517
