10 0.286839 0.834855 0.344845 0.834855 0.344845 0.849311 0.286839 0.849311
6 0.174488 0.719577 0.203126 0.719577 0.203126 0.735329 0.174488 0.735329
6 0.227349 0.554124 0.240874 0.554124 0.240874 0.569877 0.227349 0.569877
6 0.041996 0.600818 0.054325 0.600818 0.054325 0.673953 0.041996 0.673953
6 0.279456 0.555813 0.294173 0.555813 0.294173 0.573815 0.279456 0.573815
6 0.429808 0.555813 0.445717 0.555813 0.445717 0.569877 0.429808 0.569877
6 0.479528 0.554124 0.495040 0.554124 0.495040 0.572690 0.479528 0.572690
6 0.692417 0.315798 0.708088 0.315798 0.708088 0.346127 0.692417 0.346127
12 0.755411 0.196553 0.791209 0.196553 0.791209 0.219057 0.755411 0.219057
8 0.122767 0.807893 0.372690 0.807893 0.372690 0.906812 0.122767 0.906812
0 0.467761 0.743338 0.995295 0.743338 0.995295 0.995314 0.467761 0.995314
9 0.010975 0.011635 0.269925 0.011635 0.269925 0.058701 0.010975 0.058701
6 0.767373 0.425114 0.786275 0.425114 0.786275 0.446176 0.767373 0.446176
6 0.195610 0.173094 0.247715 0.173094 0.247715 0.189407 0.195610 0.189407
6 0.032530 0.321613 0.043667 0.321613 0.043667 0.345242 0.032530 0.345242
6 0.062360 0.345242 0.074293 0.345242 0.074293 0.378433 0.062360 0.378433
6 0.210723 0.412750 0.233793 0.412750 0.233793 0.429064 0.210723 0.429064
6 0.350335 0.453256 0.370621 0.453256 0.370621 0.472383 0.350335 0.472383
10 0.282695 0.871577 0.351474 0.871577 0.351474 0.887596 0.282695 0.887596
