4 0.781154 0.365752 0.807884 0.365752 0.807884 0.386006 0.781154 0.386006
6 0.275680 0.603384 0.319598 0.603384 0.319598 0.624988 0.275680 0.624988
6 0.572873 0.437777 0.586915 0.437777 0.586915 0.533820 0.572873 0.533820
9 0.004300 0.008512 0.273730 0.008512 0.273730 0.061006 0.004300 0.061006
11 0.538707 0.059434 0.553722 0.059434 0.553722 0.089519 0.538707 0.089519
6 0.514308 0.040851 0.526195 0.040851 0.526195 0.057663 0.514308 0.057663
0 0.468724 0.746164 0.996588 0.746164 0.996588 0.995027 0.468724 0.995027
10 0.589754 0.350225 0.639872 0.350225 0.639872 0.373853 0.589754 0.373853
4 0.350145 0.373179 0.371148 0.373179 0.371148 0.456889 0.350145 0.456889
11 0.325803 0.427862 0.352533 0.427862 0.352533 0.463641 0.325803 0.463641
6 0.456559 0.211686 0.492986 0.211686 0.492986 0.281681 0.456559 0.281681
6 0.307665 0.421110 0.317212 0.421110 0.317212 0.440012 0.307665 0.440012
1 0.367895 0.258350 0.406384 0.258350 0.406384 0.285568 0.367895 0.285568
7 0.751266 0.566701 0.829068 0.566701 0.829068 0.581352 0.751266 0.581352
1 0.473561 0.706865 0.668064 0.706865 0.668064 0.741171 0.473561 0.741171
10 0.759198 0.549378 0.822203 0.549378 0.822203 0.564903 0.759198 0.564903
6 0.217455 0.651316 0.248480 0.651316 0.248480 0.665493 0.217455 0.665493
6 0.197407 0.604059 0.211727 0.604059 0.211727 0.625663 0.197407 0.625663
6 0.637785 0.621722 0.707761 0.621722 0.707761 0.637673 0.637785 0.637673
