10 0.275673 0.357724 0.291481 0.357724 0.291481 0.417025 0.275673 0.417025
10 0.301791 0.359669 0.317599 0.359669 0.317599 0.413135 0.301791 0.413135
12 0.255740 0.267317 0.281172 0.267317 0.281172 0.301343 0.255740 0.301343
5 0.241307 0.387862 0.265362 0.387862 0.265362 0.426746 0.241307 0.426746
10 0.580156 0.589090 0.665384 0.589090 0.665384 0.605152 0.580156 0.605152
6 0.390180 0.314659 0.405989 0.314659 0.405989 0.337990 0.390180 0.337990
6 0.090508 0.170784 0.126935 0.170784 0.126935 0.186338 0.090508 0.186338
6 0.147556 0.110513 0.167488 0.110513 0.167488 0.127039 0.147556 0.127039
9 0.005280 0.009412 0.269899 0.009412 0.269899 0.060934 0.005280 0.060934
6 0.477122 0.640024 0.516299 0.640024 0.516299 0.662383 0.477122 0.662383
6 0.220103 0.264158 0.229266 0.264158 0.229266 0.280360 0.220103 0.280360
7 0.576420 0.606555 0.667506 0.606555 0.667506 0.623433 0.576420 0.623433
1 0.474594 0.703880 0.674269 0.703880 0.674269 0.742700 0.474594 0.742700
0 0.470746 0.745685 0.996545 0.745685 0.996545 0.996009 0.470746 0.996009
6 0.393617 0.436176 0.405989 0.436176 0.405989 0.464366 0.393617 0.464366
4 0.030298 0.362586 0.045420 0.362586 0.045420 0.411193 0.030298 0.411193
