0 0.471813 0.746955 0.993125 0.746955 0.993125 0.989985 0.471813 0.989985
4 0.302321 0.360203 0.315717 0.360203 0.315717 0.416021 0.302321 0.416021
9 0.008129 0.010943 0.269713 0.010943 0.269713 0.057499 0.008129 0.057499
6 0.218346 0.268931 0.233465 0.268931 0.233465 0.286628 0.218346 0.286628
11 0.254159 0.278408 0.281914 0.278408 0.281914 0.312738 0.254159 0.312738
10 0.279064 0.358002 0.294151 0.358002 0.294151 0.416892 0.279064 0.416892
5 0.242039 0.382992 0.264486 0.382992 0.264486 0.419862 0.242039 0.419862
6 0.393574 0.321580 0.406087 0.321580 0.406087 0.351074 0.393574 0.351074
6 0.394047 0.428582 0.407021 0.428582 0.407021 0.451200 0.394047 0.451200
4 0.566229 0.168725 0.591372 0.168725 0.591372 0.186507 0.566229 0.186507
10 0.581767 0.568892 0.659961 0.568892 0.659961 0.585963 0.581767 0.585963
7 0.575984 0.586674 0.667000 0.586674 0.667000 0.602320 0.575984 0.602320
6 0.481449 0.612632 0.514385 0.612632 0.514385 0.628636 0.481449 0.628636
1 0.474368 0.706265 0.672411 0.706265 0.672411 0.741599 0.474368 0.741599
