6 0.142986 0.492184 0.153964 0.492184 0.153964 0.524589 0.142986 0.524589
6 0.159099 0.187888 0.170096 0.187888 0.170096 0.218024 0.159099 0.218024
10 0.670094 0.486253 0.712080 0.486253 0.712080 0.497975 0.670094 0.497975
7 0.659046 0.498365 0.717051 0.498365 0.717051 0.511647 0.659046 0.511647
10 0.666502 0.559311 0.714565 0.559311 0.714565 0.569468 0.666502 0.569468
7 0.638052 0.570249 0.739425 0.570249 0.739425 0.595252 0.638052 0.595252
6 0.227469 0.698087 0.244652 0.698087 0.244652 0.713614 0.227469 0.713614
6 0.345254 0.403266 0.366451 0.403266 0.366451 0.421894 0.345254 0.421894
6 0.282827 0.400022 0.301156 0.400022 0.301156 0.422704 0.282827 0.422704
6 0.344886 0.583321 0.362069 0.583321 0.362069 0.605600 0.344886 0.605600
6 0.278064 0.585348 0.298587 0.585348 0.298587 0.601551 0.278064 0.601551
1 0.472242 0.704204 0.667717 0.704204 0.667717 0.732201 0.472242 0.732201
6 0.356819 0.490160 0.375435 0.490160 0.375435 0.515138 0.356819 0.515138
6 0.264700 0.492859 0.284746 0.492859 0.284746 0.513113 0.264700 0.513113
6 0.311476 0.725092 0.331522 0.725092 0.331522 0.745343 0.311476 0.745343
0 0.465658 0.739202 1.000000 0.739202 1.000000 0.988844 0.465658 0.988844
8 0.494295 0.452436 0.744594 0.452436 0.744594 0.626609 0.494295 0.626609
5 0.467317 0.267407 0.495955 0.267407 0.495955 0.304673 0.467317 0.304673
6 0.172102 0.621802 0.184035 0.621802 0.184035 0.644081 0.172102 0.644081
9 0.006444 0.008919 0.269757 0.008919 0.269757 0.059567 0.006444 0.059567
