10 0.298011 0.860745 0.335473 0.860745 0.335473 0.871413 0.298011 0.871413
9 0.005589 0.005767 0.270446 0.005767 0.270446 0.066969 0.005589 0.066969
6 0.046776 0.221084 0.058767 0.221084 0.058767 0.243205 0.046776 0.243205
6 0.081185 0.222559 0.092656 0.222559 0.092656 0.240994 0.081185 0.240994
6 0.116638 0.266802 0.141662 0.266802 0.141662 0.284499 0.116638 0.284499
6 0.124459 0.174627 0.138534 0.174627 0.138534 0.193800 0.124459 0.193800
6 0.037392 0.495394 0.050426 0.495394 0.050426 0.518989 0.037392 0.518989
6 0.060332 0.513091 0.071801 0.513091 0.071801 0.532262 0.060332 0.532262
6 0.161996 0.485070 0.170859 0.485070 0.170859 0.502767 0.161996 0.502767
6 0.253232 0.483595 0.264703 0.483595 0.264703 0.500554 0.253232 0.500554
6 0.275131 0.483595 0.286078 0.483595 0.286078 0.501292 0.275131 0.501292
6 0.307453 0.479908 0.317359 0.479908 0.317359 0.496867 0.307453 0.496867
6 0.321009 0.484332 0.330393 0.484332 0.330393 0.498343 0.321009 0.498343
6 0.337693 0.504243 0.348642 0.504243 0.348642 0.517516 0.337693 0.517516
6 0.190670 0.560283 0.221430 0.560283 0.221430 0.577980 0.190670 0.577980
6 0.288685 0.589042 0.311625 0.589042 0.311625 0.607477 0.288685 0.607477
6 0.439879 0.492443 0.452913 0.492443 0.452913 0.507929 0.439879 0.507929
6 0.504005 0.502767 0.517561 0.502767 0.517561 0.514565 0.504005 0.514565
6 0.505049 0.561021 0.515996 0.561021 0.515996 0.577980 0.505049 0.577980
12 0.480544 0.139233 0.522781 0.139233 0.522781 0.178326 0.480544 0.178326
9 0.651550 0.005767 0.995122 0.005767 0.995122 0.066231 0.651550 0.066231
6 0.859571 0.539637 0.886680 0.539637 0.886680 0.581667 0.859571 0.581667
6 0.956544 0.390685 0.987303 0.390685 0.987303 0.431241 0.956544 0.431241
0 0.467848 0.743984 0.998197 0.743984 0.998197 0.997059 0.467848 0.997059
8 0.120351 0.741933 0.374354 0.741933 0.374354 0.894129 0.120351 0.894129
10 0.293484 0.830162 0.342764 0.830162 0.342764 0.842252 0.293484 0.842252
3 0.283679 0.794601 0.350558 0.794601 0.350558 0.807758 0.283679 0.807758
10 0.291473 0.782155 0.346786 0.782155 0.346786 0.793890 0.291473 0.793890
3 0.290970 0.842608 0.343267 0.842608 0.343267 0.855411 0.290970 0.855411
10 0.280913 0.872835 0.356090 0.872835 0.356090 0.883147 0.280913 0.883147
