12 0.270758 0.293807 0.310623 0.293807 0.310623 0.330747 0.270758 0.330747
3 0.472740 0.093002 0.543340 0.093002 0.543340 0.108878 0.472740 0.108878
10 0.468033 0.073031 0.546236 0.073031 0.546236 0.092492 0.468033 0.092492
9 0.006884 0.010402 0.268604 0.010402 0.268604 0.059141 0.006884 0.059141
6 0.286644 0.149843 0.298230 0.149843 0.298230 0.187736 0.286644 0.187736
1 0.474151 0.705806 0.664953 0.705806 0.664953 0.742163 0.474151 0.742163
0 0.471231 0.745815 0.996008 0.745815 0.996008 0.993224 0.471231 0.993224
10 0.933294 0.556473 0.976742 0.556473 0.976742 0.576536 0.933294 0.576536
10 0.929675 0.513800 0.979759 0.513800 0.979759 0.530871 0.929675 0.530871
8 0.818343 0.492039 0.992430 0.492039 0.992430 0.598720 0.818343 0.598720
6 0.690780 0.305002 0.707072 0.305002 0.707072 0.322925 0.690780 0.322925
6 0.665170 0.276531 0.685808 0.276531 0.685808 0.297525 0.665170 0.297525
6 0.639827 0.302646 0.659015 0.302646 0.659015 0.321594 0.639827 0.321594
6 0.636207 0.335418 0.661189 0.335418 0.661189 0.369216 0.636207 0.369216
10 0.576884 0.431783 0.598305 0.431783 0.598305 0.517129 0.576884 0.517129
11 0.547618 0.368200 0.574168 0.368200 0.574168 0.400631 0.547618 0.400631
4 0.540648 0.431524 0.559419 0.431524 0.559419 0.517061 0.540648 0.517061
6 0.389733 0.658890 0.412360 0.658890 0.412360 0.675532 0.389733 0.675532
6 0.457493 0.509098 0.474698 0.509098 0.474698 0.527533 0.457493 0.527533
4 0.734720 0.433943 0.752100 0.433943 0.752100 0.515363 0.734720 0.515363
6 0.329239 0.509098 0.345923 0.509098 0.345923 0.525319 0.329239 0.525319
6 0.433667 0.565876 0.449307 0.565876 0.449307 0.585786 0.433667 0.585786
6 0.353378 0.564403 0.371625 0.564403 0.371625 0.584311 0.353378 0.584311
6 0.432608 0.368696 0.448519 0.368696 0.448519 0.387917 0.432608 0.387917
6 0.352548 0.367687 0.370419 0.367687 0.370419 0.389076 0.352548 0.389076
6 0.267322 0.455179 0.281755 0.455179 0.281755 0.494066 0.267322 0.494066
6 0.213022 0.506703 0.227457 0.506703 0.227457 0.556282 0.213022 0.556282
10 0.030746 0.329284 0.115032 0.329284 0.115032 0.348948 0.030746 0.348948
6 0.185529 0.309361 0.218521 0.309361 0.218521 0.334637 0.185529 0.334637
3 0.034318 0.350191 0.102364 0.350191 0.102364 0.368660 0.034318 0.368660
