6 0.340963 0.560665 0.365018 0.560665 0.365018 0.585779 0.340963 0.585779
6 0.073479 0.170194 0.096390 0.170194 0.096390 0.224470 0.073479 0.224470
6 0.200062 0.107816 0.228127 0.107816 0.228127 0.145080 0.200062 0.145080
6 0.044269 0.426188 0.060306 0.426188 0.060306 0.450491 0.044269 0.450491
6 0.071189 0.456161 0.083790 0.456161 0.083790 0.495046 0.071189 0.495046
6 0.147366 0.384872 0.165695 0.384872 0.165695 0.408365 0.147366 0.408365
6 0.251038 0.400264 0.265357 0.400264 0.265357 0.421326 0.251038 0.421326
6 0.269365 0.429427 0.278531 0.429427 0.278531 0.450491 0.269365 0.450491
6 0.299150 0.461021 0.312897 0.461021 0.312897 0.483706 0.299150 0.483706
6 0.128466 0.541222 0.143930 0.541222 0.143930 0.562286 0.128466 0.562286
6 0.330653 0.394594 0.343253 0.394594 0.343253 0.414035 0.330653 0.414035
6 0.362155 0.373529 0.381628 0.373529 0.381628 0.392163 0.362155 0.392163
6 0.360436 0.400264 0.375329 0.400264 0.375329 0.417276 0.360436 0.417276
6 0.387929 0.394594 0.402249 0.394594 0.402249 0.415656 0.387929 0.415656
6 0.373037 0.427808 0.390794 0.427808 0.390794 0.450491 0.373037 0.450491
6 0.361009 0.465883 0.371892 0.465883 0.371892 0.482085 0.361009 0.482085
6 0.441770 0.401074 0.457234 0.401074 0.457234 0.422136 0.441770 0.422136
6 0.467544 0.426998 0.483008 0.426998 0.483008 0.449681 0.467544 0.449681
6 0.555179 0.397833 0.573506 0.397833 0.573506 0.421326 0.555179 0.421326
9 0.005319 0.008982 0.273376 0.008982 0.273376 0.061640 0.005319 0.061640
11 0.163982 0.100525 0.193188 0.100525 0.193188 0.142649 0.163982 0.142649
12 0.613027 0.512869 0.653121 0.512869 0.653121 0.562286 0.613027 0.562286
10 0.206070 0.705402 0.261756 0.705402 0.261756 0.721715 0.206070 0.721715
10 0.207662 0.737467 0.262552 0.737467 0.262552 0.751534 0.207662 0.751534
10 0.208059 0.770660 0.258574 0.770660 0.258574 0.782475 0.208059 0.782475
3 0.205673 0.781688 0.260166 0.781688 0.260166 0.792600 0.205673 0.792600
10 0.208945 0.813094 0.260322 0.813094 0.260322 0.825987 0.208945 0.825987
10 0.203973 0.836534 0.262531 0.836534 0.262531 0.847475 0.203973 0.847475
7 0.203604 0.847642 0.261724 0.847642 0.261724 0.859035 0.203604 0.859035
1 0.213578 0.858764 0.253475 0.858764 0.253475 0.871243 0.213578 0.871243
10 0.206672 0.874499 0.259422 0.874499 0.259422 0.885624 0.206672 0.885624
10 0.199767 0.896205 0.266520 0.896205 0.266520 0.910041 0.199767 0.910041
8 0.109827 0.678483 0.270587 0.678483 0.270587 0.923672 0.109827 0.923672
0 0.463362 0.741594 1.000000 0.741594 1.000000 0.992402 0.463362 0.992402
