6 0.236154 0.630970 0.249292 0.630970 0.249292 0.652206 0.236154 0.652206
6 0.327494 0.512397 0.345013 0.512397 0.345013 0.535404 0.327494 0.535404
6 0.324366 0.591151 0.343761 0.591151 0.343761 0.611502 0.324366 0.611502
6 0.210503 0.510629 0.224267 0.510629 0.224267 0.543367 0.210503 0.543367
6 0.235522 0.208002 0.250542 0.208002 0.250542 0.258440 0.235522 0.258440
6 0.376920 0.513283 0.394436 0.513283 0.394436 0.532750 0.376920 0.532750
6 0.376920 0.591151 0.394436 0.591151 0.394436 0.614158 0.376920 0.614158
6 0.353771 0.707954 0.372540 0.707954 0.372540 0.727421 0.353771 0.727421
6 0.292459 0.695566 0.306850 0.695566 0.306850 0.715031 0.292459 0.715031
12 0.457000 0.329231 0.498291 0.329231 0.498291 0.365510 0.457000 0.365510
8 0.500794 0.487622 0.693487 0.487622 0.693487 0.602654 0.500794 0.602654
0 0.469513 0.743348 0.996290 0.743348 0.996290 0.995535 0.469513 0.995535
7 0.615875 0.553162 0.681036 0.553162 0.681036 0.570051 0.615875 0.570051
1 0.472641 0.702644 0.665334 0.702644 0.665334 0.738038 0.472641 0.738038
10 0.630542 0.542196 0.667207 0.542196 0.667207 0.552864 0.630542 0.552864
9 0.004045 0.007138 0.273691 0.007138 0.273691 0.059344 0.004045 0.059344
