9 0.006735 0.006945 0.270542 0.006945 0.270542 0.060039 0.006735 0.060039
6 0.375021 0.432567 0.390142 0.432567 0.390142 0.451739 0.375021 0.451739
6 0.387014 0.397172 0.399526 0.397172 0.399526 0.417821 0.387014 0.417821
6 0.332791 0.474598 0.341656 0.474598 0.341656 0.496720 0.332791 0.496720
12 0.612760 0.514417 0.653426 0.514417 0.653426 0.550549 0.612760 0.550549
6 0.554890 0.399386 0.570009 0.399386 0.570009 0.415607 0.554890 0.415607
7 0.206422 0.847760 0.263279 0.847760 0.263279 0.871200 0.206422 0.871200
3 0.207344 0.781996 0.259365 0.781996 0.259365 0.792414 0.207344 0.792414
10 0.207573 0.873154 0.261897 0.873154 0.261897 0.885851 0.207573 0.885851
10 0.206193 0.837342 0.261437 0.837342 0.261437 0.846783 0.206193 0.846783
10 0.208955 0.811297 0.260055 0.811297 0.260055 0.825295 0.208955 0.825295
10 0.209646 0.769299 0.258444 0.769299 0.258444 0.780694 0.209646 0.780694
10 0.205962 0.737395 0.260977 0.737395 0.260977 0.752371 0.205962 0.752371
10 0.205042 0.707443 0.261897 0.707443 0.261897 0.720791 0.205042 0.720791
6 0.332791 0.400859 0.343740 0.400859 0.343740 0.417083 0.332791 0.417083
6 0.364074 0.375789 0.378671 0.375789 0.378671 0.394224 0.364074 0.394224
6 0.360424 0.399386 0.374500 0.399386 0.374500 0.415607 0.360424 0.415607
0 0.468136 0.744586 0.994915 0.744586 0.994915 0.996773 0.468136 0.996773
8 0.107149 0.678222 0.271690 0.678222 0.271690 0.927755 0.107149 0.927755
6 0.202453 0.108853 0.223308 0.108853 0.223308 0.142772 0.202453 0.142772
6 0.046567 0.431831 0.059602 0.431831 0.059602 0.448053 0.046567 0.448053
6 0.075764 0.459115 0.088276 0.459115 0.088276 0.492296 0.075764 0.492296
6 0.148232 0.387586 0.162831 0.387586 0.162831 0.406021 0.148232 0.406021
6 0.131028 0.543176 0.147190 0.543176 0.147190 0.556449 0.131028 0.556449
6 0.251461 0.399386 0.262408 0.399386 0.262408 0.418558 0.251461 0.418558
6 0.269708 0.430356 0.279613 0.430356 0.279613 0.449528 0.269708 0.449528
11 0.166479 0.099267 0.193068 0.099267 0.193068 0.136137 0.166479 0.136137
6 0.341134 0.559398 0.366680 0.559398 0.366680 0.580046 0.341134 0.580046
6 0.470429 0.431831 0.482943 0.431831 0.482943 0.452477 0.470429 0.452477
6 0.443841 0.403810 0.455310 0.403810 0.455310 0.420031 0.443841 0.420031
6 0.389099 0.466488 0.402654 0.466488 0.402654 0.484923 0.389099 0.484923
6 0.078161 0.172859 0.090152 0.172859 0.090152 0.223002 0.078161 0.223002
