1 0.474818 0.706483 0.664977 0.706483 0.664977 0.726737 0.474818 0.726737
0 0.469663 0.745370 0.995466 0.745370 0.995466 0.992450 0.469663 0.992450
6 0.402076 0.474794 0.419832 0.474794 0.419832 0.493425 0.402076 0.493425
6 0.245138 0.475605 0.261175 0.475605 0.261175 0.495046 0.245138 0.495046
6 0.193017 0.475605 0.210198 0.475605 0.210198 0.494236 0.193017 0.494236
6 0.116265 0.500716 0.127720 0.500716 0.127720 0.520970 0.116265 0.520970
6 0.095646 0.589018 0.107674 0.589018 0.107674 0.618991 0.095646 0.618991
6 0.253157 0.700813 0.265759 0.700813 0.265759 0.742129 0.253157 0.742129
6 0.321317 0.422946 0.340217 0.422946 0.340217 0.439149 0.321317 0.439149
6 0.100800 0.227712 0.113402 0.227712 0.113402 0.279557 0.100800 0.279557
9 0.004575 0.006553 0.270340 0.006553 0.270340 0.060830 0.004575 0.060830
6 0.213063 0.796405 0.228527 0.796405 0.228527 0.814228 0.213063 0.814228
6 0.344228 0.684611 0.359692 0.684611 0.359692 0.704054 0.344228 0.704054
6 0.343655 0.651396 0.363701 0.651396 0.363701 0.673270 0.343655 0.673270
12 0.552714 0.350036 0.589945 0.350036 0.589945 0.386493 0.552714 0.386493
5 0.422124 0.597119 0.448471 0.597119 0.448471 0.634386 0.422124 0.634386
10 0.730181 0.508198 0.779670 0.508198 0.779670 0.519591 0.730181 0.519591
10 0.719822 0.567124 0.787496 0.567124 0.787496 0.580148 0.719822 0.580148
10 0.723506 0.597726 0.785194 0.597726 0.785194 0.608471 0.723506 0.608471
3 0.725346 0.520568 0.781512 0.520568 0.781512 0.532939 0.725346 0.532939
3 0.717982 0.607821 0.788878 0.607821 0.788878 0.621819 0.717982 0.621819
6 0.324180 0.798026 0.338500 0.798026 0.338500 0.814228 0.324180 0.814228
6 0.306424 0.769671 0.320744 0.769671 0.320744 0.786684 0.306424 0.786684
6 0.344228 0.618991 0.361982 0.618991 0.361982 0.636814 0.344228 0.636814
8 0.588799 0.464262 0.801296 0.464262 0.801296 0.630334 0.588799 0.630334
6 0.346518 0.578488 0.360838 0.578488 0.360838 0.597929 0.346518 0.597929
6 0.457063 0.473984 0.473101 0.473984 0.473101 0.494236 0.457063 0.494236
