6 0.182530 0.533749 0.202126 0.533749 0.202126 0.552228 0.182530 0.552228
9 0.006821 0.007153 0.273323 0.007153 0.273323 0.059811 0.006821 0.059811
12 0.072140 0.239964 0.115251 0.239964 0.115251 0.275994 0.072140 0.275994
12 0.432702 0.261212 0.531987 0.261212 0.531987 0.278766 0.432702 0.278766
12 0.440540 0.279690 0.528722 0.279690 0.528722 0.294470 0.440540 0.294470
6 0.107412 0.421040 0.120475 0.421040 0.120475 0.443212 0.107412 0.443212
6 0.127660 0.454299 0.141378 0.454299 0.141378 0.488481 0.127660 0.488481
6 0.290959 0.532825 0.308596 0.532825 0.308596 0.552228 0.290959 0.552228
6 0.294226 0.590106 0.310556 0.590106 0.310556 0.611355 0.294226 0.611355
12 0.690713 0.268604 0.731213 0.268604 0.731213 0.304635 0.690713 0.304635
6 0.614289 0.563314 0.652175 0.563314 0.652175 0.583638 0.614289 0.583638
0 0.468628 0.743466 0.997715 0.743466 0.997715 0.993832 0.468628 0.993832
1 0.474507 0.701892 0.813515 0.701892 0.813515 0.728684 0.474507 0.728684
