6 0.259162 0.580360 0.277181 0.580360 0.277181 0.596957 0.259162 0.596957
4 0.651681 0.203682 0.683831 0.203682 0.683831 0.225191 0.651681 0.225191
6 0.527424 0.331497 0.540893 0.331497 0.540893 0.348089 0.527424 0.348089
6 0.623441 0.332112 0.638213 0.332112 0.638213 0.350547 0.623441 0.350547
12 0.168192 0.195044 0.203044 0.195044 0.203044 0.235600 0.168192 0.235600
9 0.007356 0.010764 0.268035 0.010764 0.268035 0.057874 0.007356 0.057874
1 0.472711 0.693926 0.671661 0.693926 0.671661 0.740822 0.472711 0.740822
0 0.469567 0.746877 0.994469 0.746877 0.994469 0.991986 0.469567 0.991986
12 0.371539 0.491098 0.410159 0.491098 0.410159 0.527371 0.371539 0.527371
10 0.867214 0.505002 0.917708 0.505002 0.917708 0.519226 0.867214 0.519226
7 0.855900 0.474478 0.925671 0.474478 0.925671 0.488406 0.855900 0.488406
6 0.235068 0.553394 0.250782 0.553394 0.250782 0.567617 0.235068 0.567617
6 0.559921 0.623566 0.604454 0.623566 0.604454 0.644560 0.559921 0.644560
6 0.623007 0.443336 0.635605 0.443336 0.635605 0.461768 0.623007 0.461768
4 0.375461 0.355825 0.393865 0.355825 0.393865 0.441171 0.375461 0.441171
6 0.525687 0.441490 0.542630 0.441490 0.542630 0.463000 0.525687 0.463000
10 0.864134 0.461708 0.918006 0.461708 0.918006 0.475842 0.864134 0.475842
8 0.735097 0.427910 0.937558 0.427910 0.937558 0.526843 0.735097 0.526843
10 0.337910 0.370189 0.351307 0.370189 0.351307 0.427542 0.337910 0.427542
