6 0.097317 0.504214 0.109345 0.504214 0.109345 0.532569 0.097317 0.532569
6 0.097364 0.158689 0.109964 0.158689 0.109964 0.179753 0.097364 0.179753
9 0.004575 0.007201 0.273776 0.007201 0.273776 0.058237 0.004575 0.058237
7 0.410795 0.598007 0.485574 0.598007 0.485574 0.613195 0.410795 0.613195
10 0.409046 0.580027 0.487801 0.580027 0.487801 0.595452 0.409046 0.595452
1 0.470511 0.699015 0.667086 0.699015 0.667086 0.736928 0.470511 0.736928
5 0.416349 0.276575 0.442697 0.276575 0.442697 0.313038 0.416349 0.313038
6 0.256547 0.716463 0.274303 0.716463 0.274303 0.736715 0.256547 0.736715
0 0.471772 0.746974 0.998261 0.746974 0.998261 1.000000 0.471772 1.000000
6 0.257691 0.680007 0.272584 0.680007 0.272584 0.697830 0.257691 0.697830
6 0.166622 0.679197 0.180941 0.679197 0.180941 0.697020 0.166622 0.697020
6 0.125382 0.585225 0.139129 0.585225 0.139129 0.607097 0.125382 0.607097
