4 0.495203 0.113868 0.523454 0.113868 0.523454 0.137497 0.495203 0.137497
12 0.568021 0.084053 0.608210 0.084053 0.608210 0.107681 0.568021 0.107681
1 0.692966 0.075612 0.950414 0.075612 0.950414 0.105431 0.692966 0.105431
1 0.535885 0.717281 0.727313 0.717281 0.727313 0.752278 0.535885 0.752278
0 0.513694 0.760537 0.992714 0.760537 0.992714 0.989795 0.513694 0.989795
6 0.566103 0.284531 0.578517 0.284531 0.578517 0.305458 0.566103 0.305458
6 0.129342 0.167798 0.149969 0.167798 0.149969 0.195017 0.129342 0.195017
6 0.178159 0.135718 0.196725 0.135718 0.196725 0.159049 0.178159 0.159049
6 0.435914 0.267452 0.451432 0.267452 0.451432 0.287702 0.435914 0.287702
6 0.564192 0.363516 0.578041 0.363516 0.578041 0.391871 0.564192 0.391871
6 0.534589 0.398622 0.550822 0.398622 0.550822 0.421573 0.534589 0.421573
6 0.601437 0.283854 0.620537 0.283854 0.620537 0.321659 0.601437 0.321659
9 0.006950 0.011286 0.365873 0.011286 0.365873 0.078362 0.006950 0.078362
4 0.160283 0.088081 0.228355 0.088081 0.228355 0.121135 0.160283 0.121135
10 0.266171 0.120164 0.329429 0.120164 0.329429 0.147384 0.266171 0.147384
4 0.081447 0.325239 0.152593 0.325239 0.152593 0.345492 0.081447 0.345492
7 0.081413 0.346385 0.151047 0.346385 0.151047 0.375294 0.081413 0.375294
4 0.225380 0.455383 0.294739 0.455383 0.294739 0.483902 0.225380 0.483902
12 0.374398 0.324504 0.419093 0.324504 0.419093 0.344918 0.374398 0.344918
12 0.418403 0.401303 0.476851 0.401303 0.476851 0.423119 0.418403 0.423119
12 0.443157 0.443102 0.491289 0.443102 0.491289 0.463519 0.443157 0.463519
5 0.466306 0.339887 0.484451 0.339887 0.484451 0.366891 0.466306 0.366891
12 0.573592 0.196566 0.613781 0.196566 0.613781 0.242134 0.573592 0.242134
4 0.494804 0.083488 0.521466 0.083488 0.521466 0.108806 0.494804 0.108806
