1 0.497371 0.490824 0.540140 0.490824 0.540140 0.511471 0.497371 0.511471
5 0.504151 0.513683 0.539095 0.513683 0.539095 0.529904 0.504151 0.529904
6 0.432697 0.147938 0.448866 0.147938 0.448866 0.168584 0.432697 0.168584
6 0.455126 0.423721 0.472859 0.423721 0.472859 0.445106 0.455126 0.445106
6 0.411836 0.483451 0.427482 0.483451 0.427482 0.502623 0.411836 0.502623
7 0.587080 0.356618 0.654361 0.356618 0.654361 0.386115 0.587080 0.386115
11 0.393060 0.593321 0.405576 0.593321 0.405576 0.630927 0.393060 0.630927
4 0.587080 0.471652 0.608464 0.471652 0.608464 0.582261 0.587080 0.582261
1 0.536185 0.715862 0.688899 0.715862 0.688899 0.757449 0.536185 0.757449
9 0.012799 0.018649 0.364461 0.018649 0.364461 0.082001 0.012799 0.082001
4 0.587600 0.329337 0.661662 0.329337 0.661662 0.355882 0.587600 0.355882
10 0.041955 0.116197 0.149998 0.116197 0.149998 0.142038 0.041955 0.142038
3 0.044657 0.142038 0.151055 0.142038 0.151055 0.160472 0.044657 0.160472
4 0.225639 0.158998 0.253803 0.158998 0.253803 0.178909 0.225639 0.178909
4 0.241284 0.325650 0.292920 0.325650 0.292920 0.345557 0.241284 0.345557
12 0.508846 0.179644 0.553701 0.179644 0.553701 0.199555 0.508846 0.199555
0 0.518607 0.766700 0.987022 0.766700 0.987022 0.985044 0.518607 0.985044
