2 0.500239 0.235872 0.531098 0.235872 0.531098 0.277042 0.500239 0.277042
6 0.527622 0.282572 0.542400 0.282572 0.542400 0.314525 0.527622 0.314525
6 0.526018 0.390787 0.542920 0.390787 0.542920 0.424070 0.526018 0.424070
6 0.338556 0.155988 0.395493 0.155988 0.395493 0.178724 0.338556 0.178724
6 0.408907 0.529046 0.430941 0.529046 0.430941 0.553369 0.408907 0.553369
6 0.420982 0.760335 0.441505 0.760335 0.441505 0.780390 0.420982 0.780390
6 0.155975 0.576457 0.180767 0.576457 0.180767 0.603006 0.155975 0.603006
6 0.172818 0.530369 0.191229 0.530369 0.191229 0.550852 0.172818 0.550852
6 0.076074 0.504446 0.091376 0.504446 0.091376 0.545339 0.076074 0.545339
6 0.077777 0.372473 0.091251 0.372473 0.091251 0.445598 0.077777 0.445598
6 0.103846 0.419873 0.116599 0.419873 0.116599 0.445311 0.103846 0.445311
6 0.216906 0.332924 0.263440 0.332924 0.263440 0.353075 0.216906 0.353075
6 0.312697 0.360185 0.326950 0.360185 0.326950 0.389819 0.312697 0.389819
1 0.019361 0.862315 0.287748 0.862315 0.287748 0.905841 0.019361 0.905841
1 0.018423 0.905530 0.462271 0.905530 0.462271 0.959360 0.018423 0.959360
10 0.515452 0.608844 0.564047 0.608844 0.564047 0.631036 0.515452 0.631036
10 0.219003 0.377965 0.286076 0.377965 0.286076 0.401378 0.219003 0.401378
2 0.664538 0.702230 0.693953 0.702230 0.693953 0.742767 0.664538 0.742767
2 0.699243 0.704360 0.722634 0.704360 0.722634 0.743122 0.699243 0.743122
2 0.726154 0.703293 0.751809 0.703293 0.751809 0.742767 0.726154 0.742767
1 0.799852 0.700451 0.944226 0.700451 0.944226 0.743834 0.799852 0.743834
0 0.511089 0.743824 0.981118 0.743824 0.981118 0.958844 0.511089 0.958844
2 0.441565 0.187941 0.474163 0.187941 0.474163 0.228499 0.441565 0.228499
