6 0.403616 0.450831 0.424272 0.450831 0.424272 0.481799 0.403616 0.481799
12 0.379741 0.235681 0.421033 0.235681 0.421033 0.260773 0.379741 0.260773
4 0.361270 0.271529 0.383365 0.271529 0.383365 0.365236 0.361270 0.365236
2 0.388435 0.339121 0.416323 0.339121 0.416323 0.382137 0.388435 0.382137
1 0.445854 0.331518 0.470907 0.331518 0.470907 0.351146 0.445854 0.351146
2 0.552702 0.321276 0.579262 0.321276 0.579262 0.362244 0.552702 0.362244
7 0.601297 0.295246 0.679168 0.295246 0.679168 0.325544 0.601297 0.325544
0 0.510131 0.737753 0.983752 0.737753 0.983752 0.963912 0.510131 0.963912
1 0.825278 0.696614 0.980527 0.696614 0.980527 0.742579 0.825278 0.742579
2 0.730017 0.693793 0.824115 0.693793 0.824115 0.742760 0.730017 0.742760
1 0.019066 0.803735 0.477787 0.803735 0.477787 0.958016 0.019066 0.958016
6 0.476011 0.576436 0.499836 0.576436 0.499836 0.596751 0.476011 0.596751
4 0.575752 0.365168 0.591180 0.365168 0.591180 0.435742 0.575752 0.435742
6 0.503568 0.486460 0.530169 0.486460 0.530169 0.507845 0.503568 0.507845
7 0.331497 0.519832 0.410818 0.519832 0.410818 0.551583 0.331497 0.551583
12 0.545157 0.447059 0.602395 0.447059 0.602395 0.491105 0.545157 0.491105
