6 0.456359 0.666502 0.470864 0.666502 0.470864 0.676677 0.456359 0.676677
6 0.316230 0.580212 0.323682 0.580212 0.323682 0.595285 0.316230 0.595285
6 0.290782 0.555644 0.299290 0.555644 0.299290 0.572247 0.290782 0.572247
6 0.253529 0.413373 0.261348 0.413373 0.261348 0.450812 0.253529 0.450812
0 0.745307 0.851413 0.980179 0.851413 0.980179 0.960000 0.745307 0.960000
1 0.745027 0.829138 0.823692 0.829138 0.823692 0.851809 0.745027 0.851809
2 0.832120 0.832718 0.847853 0.832718 0.847853 0.851809 0.832120 0.851809
2 0.849820 0.833116 0.861900 0.833116 0.861900 0.851809 0.849820 0.851809
3 0.643953 0.413260 0.653215 0.413260 0.653215 0.423886 0.643953 0.423886
8 0.574966 0.358546 0.664394 0.358546 0.664394 0.465938 0.574966 0.465938
6 0.278832 0.766691 0.286689 0.766691 0.286689 0.781883 0.278832 0.781883
6 0.299720 0.775914 0.307002 0.775914 0.307002 0.790294 0.299720 0.790294
6 0.383677 0.815139 0.393445 0.815139 0.393445 0.825018 0.383677 0.825018
6 0.380538 0.758341 0.386468 0.758341 0.386468 0.767972 0.380538 0.767972
6 0.417167 0.760070 0.420133 0.760070 0.420133 0.767725 0.417167 0.767725
6 0.517289 0.759576 0.522522 0.759576 0.522522 0.768466 0.517289 0.768466
6 0.552873 0.758587 0.558106 0.758587 0.558106 0.767231 0.552873 0.767231
2 0.863587 0.832718 0.876229 0.832718 0.876229 0.851809 0.863587 0.851809
10 0.617161 0.767140 0.654349 0.767140 0.654349 0.777600 0.617161 0.777600
10 0.617161 0.790292 0.648050 0.790292 0.648050 0.801438 0.617161 0.801438
1 0.018722 0.942459 0.238872 0.942459 0.238872 0.970619 0.018722 0.970619
2 0.319024 0.606024 0.333530 0.606024 0.333530 0.625806 0.319024 0.625806
8 0.580432 0.754142 0.655025 0.754142 0.655025 0.813494 0.580432 0.813494
12 0.331721 0.791922 0.348200 0.791922 0.348200 0.820681 0.331721 0.820681
2 0.311984 0.791378 0.326165 0.791378 0.326165 0.812270 0.311984 0.812270
6 0.512527 0.311476 0.518276 0.311476 0.518276 0.321876 0.512527 0.321876
6 0.513326 0.261510 0.517478 0.261510 0.517478 0.270328 0.513326 0.270328
6 0.417830 0.261284 0.422781 0.261284 0.422781 0.271007 0.417830 0.271007
6 0.417671 0.312155 0.422940 0.312155 0.422940 0.321650 0.417671 0.321650
6 0.513151 0.507470 0.518100 0.507470 0.518100 0.517643 0.513151 0.517643
6 0.513151 0.457730 0.518100 0.457730 0.518100 0.467679 0.513151 0.467679
6 0.417495 0.457730 0.423564 0.457730 0.423564 0.467226 0.417495 0.467226
6 0.417335 0.507470 0.423564 0.507470 0.423564 0.517643 0.417335 0.517643
6 0.378775 0.638618 0.401132 0.638618 0.401132 0.649545 0.378775 0.649545
