4 0.152172 0.340390 0.174809 0.340390 0.174809 0.442804 0.152172 0.442804
2 0.191846 0.439952 0.214552 0.439952 0.214552 0.472302 0.191846 0.472302
0 0.508336 0.739665 0.982746 0.739665 0.982746 0.964419 0.508336 0.964419
12 0.192315 0.389463 0.232458 0.389463 0.232458 0.411652 0.192315 0.411652
1 0.352286 0.375380 0.378241 0.375380 0.378241 0.396717 0.352286 0.396717
2 0.351681 0.424029 0.376432 0.424029 0.376432 0.460301 0.351681 0.460301
4 0.126171 0.467117 0.138570 0.467117 0.138570 0.505147 0.126171 0.505147
1 0.180668 0.542681 0.205295 0.542681 0.205295 0.561450 0.180668 0.561450
1 0.028292 0.839655 0.477042 0.839655 0.477042 0.945838 0.028292 0.945838
1 0.831166 0.696823 0.977552 0.696823 0.977552 0.741987 0.831166 0.741987
2 0.798217 0.702869 0.824124 0.702869 0.824124 0.743051 0.798217 0.743051
2 0.772059 0.702514 0.797211 0.702514 0.797211 0.742695 0.772059 0.742695
2 0.737600 0.703581 0.769794 0.703581 0.769794 0.744473 0.737600 0.744473
4 0.690539 0.416070 0.718459 0.416070 0.718459 0.437408 0.690539 0.437408
4 0.421224 0.346111 0.437305 0.346111 0.437305 0.406330 0.421224 0.406330
7 0.421761 0.581925 0.498979 0.581925 0.498979 0.609309 0.421761 0.609309
2 0.284681 0.569124 0.311091 0.569124 0.311091 0.603618 0.284681 0.603618
2 0.246855 0.559986 0.272934 0.559986 0.272934 0.595318 0.246855 0.595318
2 0.640738 0.362729 0.671422 0.362729 0.671422 0.402202 0.640738 0.402202
6 0.299768 0.391597 0.312746 0.391597 0.312746 0.411228 0.299768 0.411228
6 0.301275 0.340817 0.312141 0.340817 0.312141 0.359166 0.301275 0.359166
6 0.226725 0.339107 0.236081 0.339107 0.236081 0.360021 0.226725 0.360021
6 0.571345 0.322883 0.603075 0.322883 0.603075 0.347462 0.571345 0.347462
