1 0.015382 0.832377 0.502937 0.832377 0.502937 0.976611 0.015382 0.976611
0 0.506691 0.740349 0.987361 0.740349 0.987361 0.965106 0.506691 0.965106
1 0.607458 0.696990 0.769557 0.696990 0.769557 0.743003 0.607458 0.743003
2 0.506067 0.697876 0.606831 0.697876 0.606831 0.743003 0.506067 0.743003
2 0.321434 0.637705 0.350849 0.637705 0.350849 0.685489 0.321434 0.685489
2 0.310169 0.537715 0.341461 0.537715 0.341461 0.582842 0.310169 0.582842
4 0.149944 0.650092 0.204395 0.650092 0.204395 0.670445 0.149944 0.670445
4 0.140556 0.504976 0.221921 0.504976 0.221921 0.535062 0.140556 0.535062
6 0.333950 0.420027 0.348972 0.420027 0.348972 0.470465 0.333950 0.470465
6 0.295148 0.351009 0.309543 0.351009 0.309543 0.376669 0.295148 0.376669
6 0.422199 0.477544 0.443478 0.477544 0.443478 0.497011 0.422199 0.497011
6 0.422825 0.441265 0.447859 0.441265 0.447859 0.464272 0.422825 0.464272
6 0.377762 0.439494 0.396538 0.439494 0.396538 0.459846 0.377762 0.459846
6 0.292017 0.657172 0.307666 0.657172 0.307666 0.739463 0.292017 0.739463
6 0.332073 0.581074 0.346468 0.581074 0.346468 0.609388 0.332073 0.609388
6 0.166843 0.577534 0.186872 0.577534 0.186872 0.600540 0.166843 0.600540
