2 0.081962 0.778892 0.103383 0.778892 0.103383 0.807910 0.081962 0.807910
6 0.112133 0.638498 0.146526 0.638498 0.146526 0.653858 0.112133 0.653858
6 0.290142 0.664954 0.310356 0.664954 0.310356 0.681597 0.290142 0.681597
6 0.456082 0.588570 0.468452 0.588570 0.468452 0.600518 0.456082 0.600518
6 0.482030 0.583449 0.492890 0.583449 0.492890 0.604359 0.482030 0.604359
6 0.064763 0.697813 0.076229 0.697813 0.076229 0.755847 0.064763 0.755847
2 0.083771 0.730244 0.104891 0.730244 0.104891 0.764383 0.083771 0.764383
3 0.683075 0.433723 0.724262 0.433723 0.724262 0.458795 0.683075 0.458795
10 0.682553 0.599637 0.725304 0.599637 0.725304 0.612172 0.682553 0.612172
7 0.672463 0.613396 0.735823 0.613396 0.735823 0.630808 0.672463 0.630808
3 0.679343 0.669724 0.730029 0.669724 0.730029 0.693793 0.679343 0.693793
8 0.569632 0.287489 0.744556 0.287489 0.744556 0.730278 0.569632 0.730278
1 0.714339 0.773389 0.837725 0.773389 0.837725 0.806572 0.714339 0.806572
2 0.644825 0.775232 0.711731 0.775232 0.711731 0.806572 0.644825 0.806572
6 0.147058 0.395675 0.158945 0.395675 0.158945 0.413372 0.147058 0.413372
6 0.144554 0.440803 0.157069 0.440803 0.157069 0.454076 0.144554 0.454076
6 0.227763 0.560259 0.239651 0.560259 0.239651 0.577073 0.227763 0.577073
6 0.422959 0.520440 0.434847 0.520440 0.434847 0.539023 0.422959 0.539023
6 0.328490 0.521326 0.339126 0.521326 0.339126 0.537252 0.328490 0.537252
6 0.422336 0.461154 0.435471 0.461154 0.435471 0.483275 0.422336 0.483275
6 0.328490 0.467349 0.340376 0.467349 0.340376 0.486817 0.328490 0.486817
6 0.289701 0.408062 0.299711 0.408062 0.299711 0.424874 0.289701 0.424874
6 0.456114 0.406292 0.470508 0.406292 0.470508 0.424874 0.456114 0.424874
6 0.455492 0.337274 0.469256 0.337274 0.469256 0.356739 0.455492 0.356739
6 0.290327 0.340813 0.304091 0.340813 0.304091 0.353200 0.290327 0.353200
6 0.481142 0.185960 0.496159 0.185960 0.496159 0.206313 0.481142 0.206313
6 0.454866 0.189499 0.468630 0.189499 0.468630 0.203657 0.454866 0.203657
6 0.250286 0.227550 0.267178 0.227550 0.267178 0.239937 0.250286 0.239937
6 0.148934 0.223125 0.158319 0.223125 0.158319 0.241708 0.148934 0.241708
6 0.147683 0.188616 0.161447 0.188616 0.161447 0.205428 0.147683 0.205428
6 0.123284 0.190385 0.138298 0.190385 0.138298 0.200119 0.123284 0.200119
6 0.249035 0.398328 0.262174 0.398328 0.262174 0.417796 0.249035 0.417796
6 0.226513 0.439918 0.241527 0.439918 0.241527 0.459386 0.226513 0.459386
6 0.060096 0.391251 0.076988 0.391251 0.076988 0.428416 0.060096 0.428416
6 0.146526 0.558699 0.154070 0.558699 0.154070 0.574913 0.146526 0.574913
6 0.123899 0.587716 0.134459 0.587716 0.134459 0.600946 0.123899 0.600946
6 0.149242 0.589422 0.160405 0.589422 0.160405 0.602225 0.149242 0.602225
6 0.077435 0.629110 0.091917 0.629110 0.091917 0.676904 0.077435 0.676904
1 0.025122 0.896686 0.349198 0.896686 0.349198 0.948009 0.025122 0.948009
0 0.642653 0.802886 0.980665 0.802886 0.980665 0.966340 0.642653 0.966340
