6 0.511047 0.226368 0.535194 0.226368 0.535194 0.247702 0.511047 0.247702
1 0.018735 0.903393 0.464669 0.903393 0.464669 0.962384 0.018735 0.962384
0 0.509199 0.739665 0.983108 0.739665 0.983108 0.960527 0.509199 0.960527
1 0.825281 0.699268 0.982112 0.699268 0.982112 0.743820 0.825281 0.743820
2 0.771422 0.698861 0.797138 0.698861 0.797138 0.740390 0.771422 0.740390
2 0.744983 0.700448 0.769973 0.700448 0.769973 0.740339 0.744983 0.740339
1 0.022908 0.865787 0.288904 0.865787 0.288904 0.903393 0.022908 0.903393
4 0.586761 0.474213 0.635556 0.474213 0.635556 0.496614 0.586761 0.496614
2 0.292905 0.256047 0.323592 0.256047 0.323592 0.294808 0.292905 0.294808
2 0.347109 0.257144 0.376526 0.257144 0.376526 0.300503 0.347109 0.300503
6 0.449545 0.619603 0.480776 0.619603 0.480776 0.640643 0.449545 0.640643
6 0.515360 0.620492 0.534855 0.620492 0.534855 0.639754 0.515360 0.639754
6 0.450184 0.462832 0.467034 0.462832 0.467034 0.513328 0.450184 0.513328
6 0.266372 0.204053 0.322075 0.204053 0.322075 0.227945 0.266372 0.227945
6 0.425031 0.432606 0.439117 0.432606 0.439117 0.461409 0.425031 0.461409
2 0.710573 0.700910 0.740636 0.700910 0.740636 0.740390 0.710573 0.740390
