6 0.313234 0.598800 0.328006 0.598800 0.328006 0.615392 0.313234 0.615392
6 0.561616 0.609318 0.607188 0.609318 0.607188 0.638459 0.561616 0.638459
6 0.452211 0.442342 0.464159 0.442342 0.464159 0.466408 0.452211 0.466408
1 0.344043 0.903626 0.468675 0.903626 0.468675 0.943205 0.344043 0.943205
4 0.685952 0.236026 0.721433 0.236026 0.721433 0.253437 0.685952 0.253437
0 0.646032 0.806130 0.978397 0.806130 0.978397 0.959753 0.646032 0.959753
1 0.723817 0.776028 0.833036 0.776028 0.833036 0.807179 0.723817 0.807179
2 0.688818 0.777733 0.708127 0.777733 0.708127 0.806751 0.688818 0.806751
2 0.646277 0.777308 0.667397 0.777308 0.667397 0.807179 0.646277 0.807179
2 0.670414 0.777746 0.687908 0.777746 0.687908 0.806751 0.670414 0.806751
7 0.116277 0.230104 0.169579 0.230104 0.169579 0.246817 0.116277 0.246817
2 0.192401 0.300701 0.212314 0.300701 0.212314 0.330402 0.192401 0.330402
4 0.150041 0.388778 0.163075 0.388778 0.163075 0.443570 0.150041 0.443570
7 0.200838 0.700912 0.254442 0.700912 0.254442 0.718940 0.200838 0.718940
2 0.481045 0.566493 0.500111 0.566493 0.500111 0.593754 0.481045 0.593754
4 0.713186 0.500290 0.772772 0.500290 0.772772 0.521287 0.713186 0.521287
6 0.277474 0.657704 0.315189 0.657704 0.315189 0.673411 0.277474 0.673411
2 0.687541 0.569995 0.709918 0.569995 0.709918 0.599156 0.687541 0.599156
2 0.723244 0.524122 0.743106 0.524122 0.743106 0.550435 0.723244 0.550435
4 0.427667 0.236328 0.478958 0.236328 0.478958 0.252329 0.427667 0.252329
6 0.418179 0.402912 0.430487 0.402912 0.430487 0.428002 0.418179 0.428002
6 0.558148 0.226809 0.572630 0.226809 0.572630 0.244731 0.558148 0.244731
6 0.586750 0.181746 0.601231 0.181746 0.601231 0.197620 0.586750 0.197620
1 0.026010 0.873541 0.216738 0.873541 0.216738 0.904265 0.026010 0.904265
1 0.026879 0.904265 0.340995 0.904265 0.340995 0.943592 0.026879 0.943592
