6 0.434944 0.564850 0.458849 0.564850 0.458849 0.586867 0.434944 0.586867
6 0.273766 0.363092 0.289705 0.363092 0.289705 0.394330 0.273766 0.394330
4 0.324475 0.215103 0.362866 0.215103 0.362866 0.239169 0.324475 0.239169
1 0.020769 0.866891 0.466703 0.866891 0.466703 0.962753 0.020769 0.962753
0 0.511035 0.741536 0.983048 0.741536 0.983048 0.961279 0.511035 0.961279
1 0.612201 0.698892 0.769973 0.698892 0.769973 0.744976 0.612201 0.744976
2 0.572649 0.701963 0.598292 0.701963 0.598292 0.744976 0.572649 0.744976
2 0.544833 0.700735 0.571345 0.700735 0.571345 0.744976 0.544833 0.744976
2 0.508759 0.700735 0.543529 0.700735 0.543529 0.744976 0.508759 0.744976
2 0.588645 0.510917 0.619937 0.510917 0.619937 0.553317 0.588645 0.553317
2 0.552136 0.499856 0.585167 0.499856 0.585167 0.544716 0.552136 0.544716
6 0.437479 0.508010 0.458486 0.508010 0.458486 0.531563 0.437479 0.531563
6 0.336427 0.508010 0.372646 0.508010 0.372646 0.533102 0.336427 0.533102
6 0.310348 0.483430 0.325561 0.483430 0.325561 0.538222 0.310348 0.538222
6 0.310711 0.361556 0.323749 0.361556 0.323749 0.396375 0.310711 0.396375
6 0.591253 0.566221 0.636454 0.566221 0.636454 0.587114 0.591253 0.587114
