0 0.504127 0.737780 0.985718 0.737780 0.985718 0.967821 0.504127 0.967821
1 0.014042 0.901303 0.472109 0.901303 0.472109 0.966898 0.014042 0.966898
6 0.493111 0.541430 0.511887 0.541430 0.511887 0.568861 0.493111 0.568861
6 0.249282 0.565021 0.271500 0.565021 0.271500 0.595506 0.249282 0.595506
6 0.279995 0.632459 0.298292 0.632459 0.298292 0.687893 0.279995 0.687893
6 0.390428 0.631536 0.418524 0.631536 0.418524 0.660178 0.390428 0.660178
10 0.506742 0.152055 0.570126 0.152055 0.570126 0.179771 0.506742 0.179771
4 0.521118 0.200096 0.589076 0.200096 0.589076 0.225964 0.521118 0.225964
4 0.539415 0.227811 0.563592 0.227811 0.563592 0.255527 0.539415 0.255527
4 0.359061 0.463396 0.391081 0.463396 0.391081 0.492035 0.359061 0.492035
2 0.308094 0.616754 0.336846 0.616754 0.336846 0.666642 0.308094 0.666642
12 0.487791 0.622298 0.530266 0.622298 0.530266 0.672185 0.487791 0.672185
1 0.719112 0.692510 0.879207 0.692510 0.879207 0.738704 0.719112 0.738704
2 0.882475 0.698054 0.984412 0.698054 0.984412 0.746094 0.882475 0.746094
6 0.442704 0.355304 0.505435 0.355304 0.505435 0.378399 0.442704 0.378399
6 0.404804 0.399648 0.428328 0.399648 0.428328 0.422746 0.404804 0.422746
6 0.359061 0.358075 0.380627 0.358075 0.380627 0.378399 0.359061 0.378399
6 0.278687 0.285089 0.298945 0.285089 0.298945 0.315578 0.278687 0.315578
6 0.304826 0.301720 0.316587 0.301720 0.316587 0.328512 0.304826 0.328512
