1 0.816258 0.681618 0.975334 0.681618 0.975334 0.732623 0.816258 0.732623
6 0.337729 0.714186 0.356851 0.714186 0.356851 0.732008 0.337729 0.732008
6 0.299915 0.666255 0.321647 0.666255 0.321647 0.687148 0.299915 0.687148
6 0.286442 0.623242 0.304260 0.623242 0.304260 0.644135 0.286442 0.644135
6 0.195167 0.563635 0.211684 0.563635 0.211684 0.589446 0.195167 0.589446
6 0.215595 0.526768 0.232980 0.526768 0.232980 0.543974 0.215595 0.543974
6 0.278616 0.500958 0.297308 0.500958 0.297308 0.523081 0.278616 0.523081
6 0.320341 0.499730 0.374671 0.499730 0.374671 0.522466 0.320341 0.522466
6 0.337293 0.379904 0.356851 0.379904 0.356851 0.400181 0.337293 0.400181
6 0.488546 0.205386 0.515058 0.205386 0.515058 0.270523 0.488546 0.270523
10 0.443343 0.457945 0.555914 0.457945 0.555914 0.481296 0.443343 0.481296
3 0.446821 0.512018 0.541137 0.512018 0.541137 0.538444 0.446821 0.538444
0 0.507668 0.739381 0.984028 0.739381 0.984028 0.963670 0.507668 0.963670
6 0.129538 0.186337 0.146923 0.186337 0.146923 0.258235 0.129538 0.258235
6 0.302523 0.091091 0.314693 0.091091 0.314693 0.109528 0.302523 0.109528
6 0.323820 0.089248 0.370324 0.089248 0.370324 0.109528 0.323820 0.109528
6 0.380322 0.089248 0.390319 0.089248 0.390319 0.107685 0.380322 0.107685
6 0.421178 0.095393 0.476376 0.095393 0.476376 0.134723 0.421178 0.134723
6 0.169090 0.191255 0.188215 0.191255 0.188215 0.292031 0.169090 0.292031
6 0.186040 0.313540 0.260798 0.313540 0.260798 0.340575 0.186040 0.340575
1 0.013926 0.806977 0.468118 0.806977 0.468118 0.963057 0.013926 0.963057
2 0.715859 0.688995 0.810610 0.688995 0.810610 0.731392 0.715859 0.731392
