1 0.817209 0.689648 0.978740 0.689648 0.978740 0.748403 0.817209 0.748403
0 0.506688 0.740629 0.985002 0.740629 0.985002 0.971238 0.506688 0.971238
6 0.143653 0.107093 0.170881 0.107093 0.170881 0.128649 0.143653 0.128649
6 0.230779 0.104015 0.253106 0.104015 0.253106 0.132500 0.230779 0.132500
6 0.480723 0.160215 0.495426 0.160215 0.495426 0.214877 0.480723 0.214877
6 0.043457 0.221806 0.057071 0.221806 0.057071 0.255681 0.043457 0.255681
6 0.056526 0.537456 0.070140 0.537456 0.070140 0.565174 0.056526 0.565174
6 0.248205 0.720687 0.284688 0.720687 0.284688 0.751484 0.248205 0.751484
6 0.532567 0.521135 0.549032 0.521135 0.549032 0.624237 0.532567 0.624237
2 0.417557 0.221036 0.446418 0.221036 0.446418 0.268769 0.417557 0.268769
2 0.451863 0.211029 0.481268 0.211029 0.481268 0.263379 0.451863 0.263379
12 0.160532 0.306495 0.242758 0.306495 0.242758 0.364234 0.160532 0.364234
2 0.078307 0.646009 0.108258 0.646009 0.108258 0.692202 0.078307 0.692202
2 0.556089 0.629781 0.582750 0.629781 0.582750 0.678560 0.556089 0.678560
5 0.335876 0.107863 0.384884 0.107863 0.384884 0.164066 0.335876 0.164066
12 0.085931 0.458160 0.104990 0.458160 0.104990 0.562859 0.085931 0.562859
1 0.021130 0.833861 0.484262 0.833861 0.484262 0.948649 0.021130 0.948649
2 0.717622 0.692972 0.810934 0.692972 0.810934 0.742863 0.717622 0.742863
