6 0.357332 0.396018 0.372972 0.396018 0.372972 0.411996 0.357332 0.411996
0 0.645859 0.805822 0.978657 0.805822 0.978657 0.960060 0.645859 0.960060
1 0.021743 0.924618 0.331428 0.924618 0.331428 0.960750 0.021743 0.960750
3 0.205387 0.549006 0.263316 0.549006 0.263316 0.562661 0.205387 0.562661
1 0.204784 0.563943 0.255772 0.563943 0.255772 0.578452 0.204784 0.578452
2 0.371329 0.569915 0.392750 0.569915 0.392750 0.603628 0.371329 0.603628
4 0.335122 0.524257 0.345683 0.524257 0.345683 0.557968 0.335122 0.557968
6 0.232239 0.598933 0.275988 0.598933 0.275988 0.615150 0.232239 0.615150
6 0.498379 0.584340 0.536696 0.584340 0.536696 0.600128 0.498379 0.600128
6 0.160520 0.393561 0.181852 0.393561 0.181852 0.413839 0.160520 0.413839
6 0.261750 0.392946 0.280041 0.392946 0.280041 0.411996 0.261750 0.411996
6 0.406629 0.470489 0.417188 0.470489 0.417188 0.500360 0.406629 0.500360
6 0.599619 0.366587 0.623025 0.366587 0.623025 0.393970 0.599619 0.393970
6 0.683619 0.376188 0.700214 0.376188 0.700214 0.393614 0.683619 0.393614
4 0.543937 0.439678 0.558420 0.439678 0.558420 0.456321 0.543937 0.456321
1 0.757081 0.776328 0.867000 0.776328 0.867000 0.807051 0.757081 0.807051
2 0.720147 0.778181 0.740137 0.778181 0.740137 0.806437 0.720147 0.806437
2 0.702340 0.779400 0.721455 0.779400 0.721455 0.807051 0.702340 0.807051
2 0.675837 0.778786 0.700600 0.778786 0.700600 0.806434 0.675837 0.806434
4 0.594112 0.460822 0.614980 0.460822 0.614980 0.476115 0.594112 0.476115
2 0.116684 0.569490 0.136597 0.569490 0.136597 0.604482 0.116684 0.604482
4 0.097676 0.520842 0.110046 0.520842 0.110046 0.572903 0.097676 0.572903
2 0.203275 0.419282 0.226809 0.419282 0.226809 0.449151 0.203275 0.449151
11 0.378185 0.406466 0.391262 0.406466 0.391262 0.453781 0.378185 0.453781
