0 0.636027 0.802027 0.984462 0.802027 0.984462 0.964722 0.636027 0.964722
4 0.484247 0.093442 0.501972 0.093442 0.501972 0.111877 0.484247 0.111877
1 0.715738 0.770972 0.833155 0.770972 0.833155 0.808101 0.715738 0.808101
10 0.470169 0.068370 0.521784 0.068370 0.521784 0.086805 0.470169 0.086805
6 0.436802 0.036662 0.458179 0.036662 0.458179 0.060259 0.436802 0.060259
6 0.292907 0.129574 0.304378 0.129574 0.304378 0.188566 0.292907 0.188566
2 0.305252 0.800677 0.328640 0.800677 0.328640 0.832404 0.305252 0.832404
6 0.325777 0.780423 0.342483 0.780423 0.342483 0.798650 0.325777 0.798650
6 0.292365 0.766921 0.307163 0.766921 0.307163 0.792576 0.292365 0.792576
4 0.348112 0.722300 0.372006 0.722300 0.372006 0.737049 0.348112 0.737049
10 0.332035 0.700793 0.392427 0.700793 0.392427 0.718000 0.332035 0.718000
6 0.481119 0.615513 0.497281 0.615513 0.497281 0.637637 0.481119 0.637637
6 0.386231 0.613302 0.425333 0.613302 0.425333 0.635423 0.386231 0.635423
2 0.335659 0.584543 0.360162 0.584543 0.360162 0.615513 0.335659 0.615513
6 0.323669 0.550624 0.341394 0.550624 0.341394 0.576432 0.323669 0.576432
6 0.437944 0.709540 0.455127 0.709540 0.455127 0.724390 0.437944 0.724390
6 0.439376 0.877637 0.454173 0.877637 0.454173 0.897213 0.439376 0.897213
6 0.464197 0.843208 0.501904 0.843208 0.501904 0.861502 0.464197 0.861502
12 0.510017 0.814852 0.545338 0.814852 0.545338 0.848000 0.510017 0.848000
6 0.397850 0.845232 0.416944 0.845232 0.416944 0.862784 0.397850 0.862784
6 0.409306 0.815527 0.424103 0.815527 0.424103 0.832404 0.409306 0.832404
6 0.328881 0.165706 0.339309 0.165706 0.339309 0.187090 0.328881 0.187090
6 0.252242 0.324983 0.271532 0.324983 0.271532 0.357429 0.252242 0.357429
6 0.292907 0.370701 0.310113 0.370701 0.310113 0.406834 0.292907 0.406834
1 0.018391 0.881079 0.341052 0.881079 0.341052 0.966139 0.018391 0.966139
2 0.640800 0.775699 0.710965 0.775699 0.710965 0.806076 0.640800 0.806076
