1 0.617409 0.695930 0.777005 0.695930 0.777005 0.744596 0.617409 0.744596
6 0.484724 0.349060 0.495363 0.349060 0.495363 0.371183 0.484724 0.371183
6 0.430900 0.580896 0.453430 0.580896 0.453430 0.604788 0.430900 0.604788
4 0.319494 0.449053 0.337017 0.449053 0.337017 0.520725 0.319494 0.520725
0 0.507254 0.739289 0.986047 0.739289 0.986047 0.966700 0.507254 0.966700
2 0.506630 0.705663 0.609898 0.705663 0.609898 0.742828 0.506630 0.742828
1 0.019700 0.829545 0.475336 0.829545 0.475336 0.949887 0.019700 0.949887
4 0.517896 0.459668 0.531664 0.459668 0.531664 0.512760 0.517896 0.512760
12 0.340148 0.562315 0.378953 0.562315 0.378953 0.648146 0.340148 0.648146
2 0.342438 0.387517 0.376236 0.387517 0.376236 0.429990 0.342438 0.429990
10 0.194482 0.359911 0.249308 0.359911 0.249308 0.390705 0.194482 0.390705
