1 0.026851 0.838502 0.476853 0.838502 0.476853 0.947343 0.026851 0.947343
0 0.509398 0.740284 0.983183 0.740284 0.983183 0.962384 0.509398 0.962384
1 0.830682 0.695427 0.978278 0.695427 0.978278 0.741943 0.830682 0.741943
2 0.797784 0.700975 0.823742 0.700975 0.823742 0.744077 0.797784 0.744077
2 0.771826 0.703109 0.797784 0.703109 0.797784 0.744077 0.771826 0.744077
2 0.733911 0.700588 0.769211 0.700588 0.769211 0.740937 0.733911 0.740937
7 0.673067 0.597880 0.751234 0.597880 0.751234 0.626026 0.673067 0.626026
2 0.625380 0.517226 0.654959 0.517226 0.654959 0.557767 0.625380 0.557767
10 0.355145 0.339538 0.411524 0.339538 0.411524 0.362449 0.355145 0.362449
2 0.664032 0.364884 0.692644 0.364884 0.692644 0.405339 0.664032 0.405339
4 0.695181 0.417627 0.710029 0.417627 0.710029 0.490342 0.695181 0.490342
1 0.315646 0.315674 0.376076 0.315674 0.376076 0.336676 0.315646 0.336676
7 0.718723 0.320845 0.798406 0.320845 0.798406 0.349008 0.718723 0.349008
2 0.152247 0.327175 0.183166 0.327175 0.183166 0.373362 0.152247 0.373362
10 0.377088 0.315195 0.458788 0.315195 0.458788 0.335722 0.377088 0.335722
6 0.601836 0.562886 0.623568 0.562886 0.623568 0.582090 0.601836 0.582090
6 0.635339 0.562031 0.654354 0.562031 0.654354 0.585930 0.635339 0.585930
6 0.619482 0.257346 0.639765 0.257346 0.639765 0.278854 0.619482 0.278854
6 0.110244 0.407179 0.148742 0.407179 0.148742 0.505328 0.110244 0.505328
1 0.687574 0.275783 0.715102 0.275783 0.715102 0.296778 0.687574 0.296778
12 0.546681 0.310092 0.584349 0.310092 0.584349 0.331597 0.546681 0.331597
4 0.519153 0.432989 0.536901 0.432989 0.536901 0.476515 0.519153 0.476515
2 0.339867 0.542062 0.369930 0.542062 0.369930 0.582517 0.339867 0.582517
4 0.338345 0.505192 0.422351 0.505192 0.422351 0.542305 0.338345 0.542305
2 0.141164 0.538317 0.171500 0.538317 0.171500 0.583683 0.141164 0.583683
