6 0.585670 0.692020 0.598170 0.692020 0.598170 0.707505 0.585670 0.707505
6 0.586191 0.669160 0.597649 0.669160 0.597649 0.682434 0.586191 0.682434
6 0.538274 0.670635 0.560149 0.670635 0.560149 0.681695 0.538274 0.681695
6 0.855064 0.259247 0.883864 0.259247 0.883864 0.297474 0.855064 0.297474
6 0.320422 0.335404 0.328379 0.335404 0.328379 0.349743 0.320422 0.349743
6 0.517184 0.291367 0.537800 0.291367 0.537800 0.301608 0.517184 0.301608
6 0.384442 0.304681 0.404336 0.304681 0.404336 0.316458 0.384442 0.316458
6 0.425314 0.044033 0.449547 0.044033 0.449547 0.054787 0.425314 0.054787
6 0.486440 0.150032 0.494397 0.150032 0.494397 0.164371 0.486440 0.164371
6 0.486801 0.213530 0.494036 0.213530 0.494036 0.229405 0.486801 0.229405
6 0.403612 0.255009 0.413378 0.255009 0.413378 0.264739 0.403612 0.264739
6 0.357677 0.256034 0.368527 0.256034 0.368527 0.264739 0.357677 0.264739
6 0.320060 0.244768 0.328379 0.244768 0.328379 0.255009 0.320060 0.255009
6 0.320422 0.148497 0.328018 0.148497 0.328018 0.164371 0.320422 0.164371
6 0.328026 0.925772 0.349209 0.925772 0.349209 0.936343 0.328026 0.936343
2 0.330092 0.661837 0.345765 0.661837 0.345765 0.684879 0.330092 0.684879
10 0.476747 0.843744 0.507491 0.843744 0.507491 0.856034 0.476747 0.856034
2 0.337205 0.309400 0.354988 0.309400 0.354988 0.332016 0.337205 0.332016
1 0.447823 0.355914 0.539151 0.355914 0.539151 0.368716 0.447823 0.368716
10 0.450837 0.343111 0.491528 0.343111 0.491528 0.352926 0.450837 0.352926
6 0.860464 0.417250 0.888364 0.417250 0.888364 0.459299 0.860464 0.459299
6 0.480981 0.529793 0.489315 0.529793 0.489315 0.551916 0.480981 0.551916
6 0.402334 0.700867 0.415355 0.700867 0.415355 0.714878 0.402334 0.714878
6 0.402334 0.680221 0.413273 0.680221 0.413273 0.692020 0.402334 0.692020
6 0.354938 0.680958 0.376293 0.680958 0.376293 0.693494 0.354938 0.693494
6 0.320562 0.644089 0.328375 0.644089 0.328375 0.661048 0.320562 0.661048
6 0.320562 0.484076 0.328375 0.484076 0.328375 0.509147 0.320562 0.509147
6 0.273687 0.474489 0.283062 0.474489 0.283062 0.520207 0.273687 0.520207
9 0.662224 0.031744 0.981962 0.031744 0.981962 0.114700 0.662224 0.114700
12 0.328018 0.049155 0.346825 0.049155 0.346825 0.082439 0.328018 0.082439
3 0.359485 0.048131 0.391676 0.048131 0.391676 0.059908 0.359485 0.059908
6 0.871265 0.515363 0.895564 0.515363 0.895564 0.554864 0.871265 0.554864
6 0.402782 0.925393 0.413834 0.925393 0.413834 0.934994 0.402782 0.934994
0 0.744311 0.850795 0.984218 0.850795 0.984218 0.964594 0.744311 0.964594
6 0.311708 0.919873 0.322646 0.919873 0.322646 0.948630 0.311708 0.948630
6 0.312749 0.826961 0.321084 0.826961 0.321084 0.843185 0.312749 0.843185
1 0.018229 0.929032 0.246076 0.929032 0.246076 0.963239 0.018229 0.963239
12 0.465702 0.934939 0.489115 0.934939 0.489115 0.956815 0.465702 0.956815
1 0.743606 0.825557 0.881504 0.825557 0.881504 0.851079 0.743606 0.851079
