6 0.432900 0.731498 0.458387 0.731498 0.458387 0.758290 0.432900 0.758290
6 0.395656 0.398909 0.413953 0.398909 0.413953 0.421081 0.395656 0.421081
0 0.506089 0.733345 0.988333 0.733345 0.988333 0.964309 0.506089 0.964309
6 0.215955 0.569822 0.238827 0.569822 0.238827 0.603081 0.215955 0.603081
1 0.824971 0.694545 0.984412 0.694545 0.984412 0.738889 0.824971 0.738889
2 0.709964 0.692695 0.807980 0.692695 0.807980 0.739812 0.709964 0.739812
1 0.014042 0.850677 0.472109 0.850677 0.472109 0.966156 0.014042 0.966156
12 0.508048 0.359183 0.550522 0.359183 0.550522 0.384128 0.508048 0.384128
10 0.508048 0.507924 0.561630 0.507924 0.561630 0.541183 0.508048 0.541183
4 0.251243 0.401683 0.310053 0.401683 0.310053 0.438635 0.251243 0.438635
10 0.264966 0.344402 0.339458 0.344402 0.339458 0.374891 0.264966 0.374891
2 0.266272 0.221529 0.304173 0.221529 0.304173 0.275113 0.266272 0.275113
2 0.265619 0.074637 0.300252 0.074637 0.300252 0.125448 0.265619 0.125448
6 0.393041 0.778615 0.421792 0.778615 0.421792 0.810951 0.393041 0.810951
6 0.246669 0.550421 0.268885 0.550421 0.268885 0.637264 0.246669 0.637264
6 0.241442 0.138382 0.261698 0.138382 0.261698 0.215985 0.241442 0.215985
6 0.270194 0.598461 0.290450 0.598461 0.290450 0.682534 0.270194 0.682534
6 0.250590 0.701012 0.266272 0.701012 0.266272 0.726878 0.250590 0.726878
6 0.345339 0.734268 0.371478 0.734268 0.371478 0.760137 0.345339 0.760137
