6 0.599845 0.350298 0.649245 0.350298 0.649245 0.381337 0.599845 0.381337
6 0.275210 0.782661 0.340295 0.782661 0.340295 0.809268 0.275210 0.809268
6 0.323043 0.721686 0.344216 0.721686 0.344216 0.743858 0.323043 0.743858
6 0.329318 0.678451 0.355977 0.678451 0.355977 0.705058 0.329318 0.705058
4 0.144814 0.513646 0.169848 0.513646 0.169848 0.554350 0.144814 0.554350
12 0.203019 0.671153 0.246205 0.671153 0.246205 0.715397 0.203019 0.715397
12 0.204896 0.722476 0.248708 0.722476 0.248708 0.741943 0.204896 0.741943
2 0.218041 0.755215 0.251212 0.755215 0.251212 0.798574 0.218041 0.798574
4 0.412436 0.514374 0.434390 0.514374 0.434390 0.557609 0.412436 0.557609
2 0.363820 0.743858 0.397537 0.743858 0.397537 0.793748 0.363820 0.793748
4 0.701783 0.353622 0.733933 0.353622 0.733933 0.376905 0.701783 0.376905
3 0.700215 0.399077 0.745694 0.399077 0.745694 0.435660 0.700215 0.435660
2 0.703350 0.695079 0.804504 0.695079 0.804504 0.744969 0.703350 0.744969
1 0.821756 0.700622 0.966821 0.700622 0.966821 0.740534 0.821756 0.740534
0 0.503396 0.736098 0.990346 0.736098 0.990346 0.966693 0.503396 0.966693
1 0.014093 0.900174 0.470462 0.900174 0.470462 0.960041 0.014093 0.960041
6 0.476734 0.499962 0.501826 0.499962 0.501826 0.568697 0.476734 0.568697
