2 0.241774 0.613699 0.263195 0.613699 0.263195 0.641863 0.241774 0.641863
6 0.525346 0.537209 0.535907 0.537209 0.535907 0.575970 0.525346 0.575970
6 0.616614 0.469998 0.630946 0.469998 0.630946 0.485999 0.616614 0.485999
6 0.559289 0.469286 0.585940 0.469286 0.585940 0.484577 0.559289 0.484577
6 0.613747 0.360256 0.630342 0.360256 0.630342 0.375549 0.613747 0.375549
6 0.423193 0.267692 0.480770 0.267692 0.480770 0.284405 0.423193 0.284405
2 0.244790 0.368757 0.265006 0.368757 0.265006 0.397775 0.244790 0.397775
10 0.213111 0.084127 0.261385 0.084127 0.261385 0.100769 0.213111 0.100769
3 0.222465 0.058096 0.256860 0.058096 0.256860 0.075164 0.222465 0.075164
3 0.401077 0.513972 0.415558 0.513972 0.415558 0.529761 0.401077 0.529761
6 0.398965 0.532748 0.412541 0.532748 0.412541 0.547257 0.398965 0.547257
6 0.520570 0.618287 0.553506 0.618287 0.553506 0.633933 0.520570 0.633933
6 0.368492 0.634608 0.397758 0.634608 0.397758 0.653384 0.368492 0.653384
6 0.340735 0.656372 0.359742 0.656372 0.359742 0.674294 0.340735 0.674294
6 0.446071 0.177724 0.458392 0.177724 0.458392 0.251333 0.446071 0.251333
6 0.464929 0.156030 0.475991 0.156030 0.475991 0.176301 0.464929 0.176301
6 0.446020 0.087114 0.458329 0.087114 0.458329 0.125520 0.446020 0.125520
9 0.546123 0.036209 0.974156 0.036209 0.974156 0.156403 0.546123 0.156403
6 0.342244 0.689657 0.356424 0.689657 0.356424 0.705445 0.342244 0.705445
6 0.405603 0.689231 0.420387 0.689231 0.420387 0.706299 0.405603 0.706299
2 0.540433 0.631089 0.559037 0.631089 0.559037 0.656338 0.540433 0.656338
3 0.650053 0.628599 0.667653 0.628599 0.667653 0.643890 0.650053 0.643890
6 0.424007 0.751534 0.435774 0.751534 0.435774 0.773723 0.424007 0.773723
6 0.232119 0.725075 0.243585 0.725075 0.243585 0.772015 0.232119 0.772015
6 0.236343 0.574439 0.246602 0.574439 0.246602 0.597910 0.236343 0.597910
6 0.214016 0.473732 0.225179 0.473732 0.225179 0.531340 0.214016 0.531340
6 0.257765 0.576572 0.266514 0.576572 0.266514 0.614127 0.257765 0.614127
6 0.571609 0.644956 0.604295 0.644956 0.604295 0.660249 0.571609 0.660249
6 0.327761 0.267194 0.369699 0.267194 0.369699 0.283836 0.327761 0.283836
6 0.342244 0.327363 0.359742 0.327363 0.359742 0.344860 0.342244 0.344860
6 0.241473 0.149417 0.252636 0.149417 0.252636 0.173314 0.241473 0.173314
6 0.255652 0.151122 0.265608 0.151122 0.265608 0.174168 0.255652 0.174168
6 0.250523 0.227934 0.260178 0.227934 0.260178 0.247564 0.250523 0.247564
6 0.281298 0.360648 0.310262 0.360648 0.310262 0.375583 0.281298 0.375583
6 0.236343 0.406309 0.246602 0.406309 0.246602 0.428072 0.236343 0.428072
6 0.236945 0.474158 0.246602 0.474158 0.246602 0.498055 0.236945 0.498055
6 0.613848 0.677317 0.628683 0.677317 0.628683 0.694030 0.613848 0.694030
1 0.021440 0.920774 0.336788 0.920774 0.336788 0.959693 0.021440 0.959693
1 0.021440 0.891074 0.211519 0.891074 0.211519 0.921287 0.021440 0.921287
1 0.020717 0.844475 0.106160 0.844475 0.106160 0.891587 0.020717 0.891587
6 0.230912 0.821517 0.241473 0.821517 0.241473 0.842426 0.230912 0.842426
1 0.867522 0.775856 0.979034 0.775856 0.979034 0.808118 0.867522 0.808118
2 0.841454 0.778418 0.860643 0.778418 0.860643 0.808118 0.841454 0.808118
2 0.821541 0.778418 0.840730 0.778418 0.840730 0.806582 0.821541 0.806582
2 0.797573 0.777729 0.820513 0.777729 0.820513 0.807225 0.797573 0.807225
0 0.644816 0.805012 0.982133 0.805012 0.982133 0.961345 0.644816 0.961345
12 0.427330 0.913263 0.468962 0.913263 0.468962 0.949540 0.427330 0.949540
4 0.432153 0.856081 0.472884 0.856081 0.472884 0.873578 0.432153 0.873578
2 0.244187 0.710140 0.266212 0.710140 0.266212 0.739584 0.244187 0.739584
2 0.421291 0.645704 0.443015 0.645704 0.443015 0.677709 0.421291 0.677709
