6 0.133423 0.270821 0.146190 0.270821 0.146190 0.298430 0.133423 0.298430
0 0.509683 0.738731 0.984269 0.738731 0.984269 0.968755 0.509683 0.968755
1 0.511708 0.687175 0.671028 0.687175 0.671028 0.739685 0.511708 0.739685
1 0.015477 0.854757 0.476200 0.854757 0.476200 0.967907 0.015477 0.967907
2 0.050056 0.516105 0.082351 0.516105 0.082351 0.560705 0.050056 0.560705
2 0.048553 0.621228 0.078595 0.621228 0.078595 0.671135 0.048553 0.671135
6 0.026023 0.330284 0.048553 0.330284 0.048553 0.371696 0.026023 0.371696
6 0.023769 0.458765 0.048553 0.458765 0.048553 0.549022 0.023769 0.549022
6 0.051558 0.425848 0.089862 0.425848 0.089862 0.457705 0.051558 0.457705
10 0.601950 0.227479 0.674550 0.227479 0.674550 0.255797 0.601950 0.255797
8 0.447985 0.164655 0.708348 0.164655 0.708348 0.464624 0.447985 0.464624
6 0.059318 0.565499 0.077470 0.565499 0.077470 0.578523 0.059318 0.578523
6 0.122596 0.347469 0.133861 0.347469 0.133861 0.367821 0.122596 0.367821
6 0.121405 0.200739 0.136427 0.200739 0.136427 0.217729 0.121405 0.217729
6 0.194257 0.252770 0.210029 0.252770 0.210029 0.280376 0.194257 0.280376
6 0.253590 0.214542 0.266357 0.214542 0.266357 0.236843 0.253590 0.236843
6 0.266357 0.253830 0.281379 0.253830 0.281379 0.280376 0.266357 0.280376
6 0.253590 0.333468 0.266357 0.333468 0.266357 0.352582 0.253590 0.352582
6 0.336205 0.254894 0.353478 0.254894 0.353478 0.278252 0.336205 0.278252
6 0.373007 0.272945 0.387276 0.272945 0.387276 0.295243 0.373007 0.295243
6 0.391030 0.347274 0.404550 0.347274 0.404550 0.370633 0.391030 0.370633
6 0.391030 0.195431 0.406802 0.195431 0.406802 0.217729 0.391030 0.217729
7 0.570656 0.396491 0.703341 0.396491 0.703341 0.418611 0.570656 0.418611
10 0.599446 0.310657 0.676430 0.310657 0.676430 0.335434 0.599446 0.335434
2 0.869867 0.698793 0.978019 0.698793 0.978019 0.740079 0.869867 0.740079
