1 0.018362 0.859887 0.288703 0.859887 0.288703 0.905359 0.018362 0.905359
1 0.017059 0.902907 0.462992 0.902907 0.462992 0.960048 0.017059 0.960048
4 0.297937 0.506573 0.313278 0.506573 0.313278 0.563471 0.297937 0.563471
4 0.678566 0.364685 0.706234 0.364685 0.706234 0.386378 0.678566 0.386378
7 0.247806 0.290253 0.325605 0.290253 0.325605 0.317291 0.247806 0.317291
6 0.346984 0.490215 0.362073 0.490215 0.362073 0.546047 0.346984 0.546047
6 0.387758 0.281652 0.407315 0.281652 0.407315 0.301929 0.387758 0.301929
6 0.464688 0.279808 0.485549 0.279808 0.485549 0.301929 0.464688 0.301929
6 0.525464 0.471686 0.541814 0.471686 0.541814 0.491601 0.525464 0.491601
6 0.420177 0.541423 0.472997 0.541423 0.472997 0.563116 0.420177 0.563116
1 0.018798 0.805811 0.196996 0.805811 0.196996 0.862958 0.018798 0.862958
0 0.510097 0.742346 0.982632 0.742346 0.982632 0.962090 0.510097 0.962090
2 0.386454 0.319135 0.415138 0.319135 0.415138 0.359077 0.386454 0.359077
12 0.550745 0.338184 0.612463 0.338184 0.612463 0.387958 0.550745 0.387958
2 0.347337 0.326508 0.377760 0.326508 0.377760 0.365222 0.347337 0.365222
7 0.233462 0.352319 0.310827 0.352319 0.310827 0.379969 0.233462 0.379969
6 0.556062 0.489193 0.579245 0.489193 0.579245 0.519121 0.556062 0.519121
3 0.762576 0.373218 0.781691 0.373218 0.781691 0.393488 0.762576 0.393488
2 0.708994 0.699873 0.741156 0.699873 0.741156 0.739808 0.708994 0.739808
2 0.744199 0.701717 0.769407 0.701717 0.769407 0.741043 0.744199 0.741043
2 0.771582 0.700489 0.796355 0.700489 0.796355 0.739815 0.771582 0.739815
1 0.825477 0.699258 0.981074 0.699258 0.981074 0.741659 0.825477 0.741659
