9 0.578935 0.046090 0.958112 0.046090 0.958112 0.168570 0.578935 0.168570
2 0.810667 0.868699 0.822193 0.868699 0.822193 0.883871 0.810667 0.883871
2 0.822591 0.868699 0.831732 0.868699 0.831732 0.883589 0.822591 0.883589
2 0.832924 0.868419 0.842065 0.868419 0.842065 0.883871 0.832924 0.883871
0 0.811065 0.882185 0.977795 0.882185 0.977795 0.960850 0.811065 0.960850
2 0.141119 0.174670 0.150779 0.174670 0.150779 0.188327 0.141119 0.188327
2 0.139601 0.230860 0.151331 0.230860 0.151331 0.245103 0.139601 0.245103
6 0.296641 0.148857 0.308326 0.148857 0.308326 0.158971 0.296641 0.158971
6 0.188178 0.246858 0.198667 0.246858 0.198667 0.254857 0.188178 0.254857
6 0.153539 0.211935 0.158783 0.211935 0.158783 0.222470 0.153539 0.222470
6 0.129389 0.195352 0.135047 0.195352 0.135047 0.224031 0.129389 0.224031
6 0.464403 0.570627 0.470153 0.570627 0.470153 0.584966 0.464403 0.584966
6 0.447232 0.572659 0.451705 0.572659 0.451705 0.583837 0.447232 0.583837
6 0.446090 0.486027 0.451575 0.486027 0.451575 0.505244 0.446090 0.505244
6 0.130577 0.570946 0.135273 0.570946 0.135273 0.585172 0.130577 0.585172
6 0.130396 0.427991 0.135778 0.427991 0.135778 0.442624 0.130396 0.442624
6 0.298162 0.365008 0.307270 0.365008 0.307270 0.373904 0.298162 0.373904
6 0.297002 0.337148 0.307766 0.337148 0.307766 0.346747 0.297002 0.346747
6 0.234072 0.366647 0.244340 0.366647 0.244340 0.374373 0.234072 0.374373
6 0.297073 0.247173 0.307767 0.247173 0.307767 0.255303 0.297073 0.255303
6 0.152711 0.170768 0.158370 0.170768 0.158370 0.181499 0.152711 0.181499
1 0.847232 0.867294 0.900093 0.867294 0.900093 0.884152 0.847232 0.884152
