6 0.289156 0.254699 0.304802 0.254699 0.304802 0.280506 0.289156 0.280506
1 0.818829 0.696392 0.979678 0.696392 0.979678 0.744176 0.818829 0.744176
2 0.331901 0.200869 0.360692 0.200869 0.360692 0.243341 0.331901 0.243341
12 0.529681 0.165472 0.591014 0.165472 0.591014 0.226529 0.529681 0.226529
0 0.509023 0.739750 0.983435 0.739750 0.983435 0.962739 0.509023 0.962739
1 0.018631 0.904203 0.461950 0.904203 0.461950 0.955814 0.018631 0.955814
2 0.320010 0.294665 0.353807 0.294665 0.353807 0.334484 0.320010 0.334484
4 0.301860 0.449514 0.335656 0.449514 0.335656 0.475178 0.301860 0.475178
4 0.557842 0.419429 0.609163 0.419429 0.609163 0.443321 0.557842 0.443321
6 0.528425 0.307052 0.545324 0.307052 0.545324 0.330944 0.528425 0.330944
6 0.425157 0.400848 0.470220 0.400848 0.470220 0.422969 0.425157 0.422969
2 0.768759 0.700817 0.793795 0.700817 0.793795 0.743290 0.768759 0.743290
2 0.738718 0.701710 0.766255 0.701710 0.766255 0.741518 0.738718 0.741518
2 0.703043 0.701703 0.737467 0.701703 0.737467 0.742408 0.703043 0.742408
4 0.556589 0.543311 0.620428 0.543311 0.620428 0.566317 0.556589 0.566317
4 0.537187 0.500838 0.594768 0.500838 0.594768 0.525616 0.537187 0.525616
6 0.296226 0.556583 0.315002 0.556583 0.315002 0.627373 0.296226 0.627373
6 0.438299 0.428280 0.453945 0.428280 0.453945 0.451286 0.438299 0.451286
