10 0.603803 0.180458 0.675902 0.180458 0.675902 0.205944 0.603803 0.205944
2 0.363466 0.175150 0.400269 0.175150 0.400269 0.220807 0.363466 0.220807
2 0.243299 0.239921 0.280102 0.239921 0.280102 0.282394 0.243299 0.282394
10 0.197063 0.442975 0.265910 0.442975 0.265910 0.466570 0.197063 0.466570
0 0.504993 0.739183 0.987487 0.739183 0.987487 0.969251 0.504993 0.969251
6 0.341686 0.144357 0.361967 0.144357 0.361967 0.168779 0.341686 0.168779
6 0.217765 0.286642 0.235039 0.286642 0.235039 0.322746 0.217765 0.322746
6 0.310895 0.343981 0.337182 0.343981 0.337182 0.374774 0.310895 0.374774
6 0.395012 0.264343 0.412286 0.264343 0.412286 0.291953 0.395012 0.291953
6 0.601548 0.150725 0.625583 0.150725 0.625583 0.173027 0.601548 0.173027
6 0.621826 0.304692 0.644359 0.304692 0.644359 0.415127 0.621826 0.415127
6 0.538462 0.345044 0.560992 0.345044 0.560992 0.370527 0.538462 0.370527
6 0.504664 0.392825 0.560992 0.392825 0.560992 0.416187 0.504664 0.416187
6 0.212978 0.537025 0.224207 0.537025 0.224207 0.616908 0.212978 0.616908
6 0.236882 0.591816 0.252095 0.591816 0.252095 0.615886 0.236882 0.615886
6 0.211529 0.633297 0.227828 0.633297 0.227828 0.657363 0.211529 0.657363
6 0.396611 0.564166 0.412184 0.564166 0.412184 0.592329 0.396611 0.592329
1 0.014180 0.846960 0.474901 0.846960 0.474901 0.969282 0.014180 0.969282
4 0.224185 0.479107 0.245046 0.479107 0.245046 0.501966 0.224185 0.501966
2 0.505513 0.700103 0.604611 0.700103 0.604611 0.744347 0.505513 0.744347
1 0.609303 0.697890 0.769422 0.697890 0.769422 0.739183 0.609303 0.739183
6 0.323312 0.700000 0.346468 0.700000 0.346468 0.726546 0.323312 0.726546
