2 0.798368 0.775803 0.863537 0.775803 0.863537 0.806014 0.798368 0.806014
6 0.045369 0.442743 0.059444 0.442743 0.059444 0.467816 0.045369 0.467816
2 0.067265 0.739175 0.088640 0.739175 0.088640 0.772356 0.067265 0.772356
2 0.071958 0.668384 0.093333 0.668384 0.093333 0.697143 0.071958 0.697143
6 0.046412 0.695668 0.059444 0.695668 0.059444 0.750235 0.046412 0.750235
6 0.300843 0.608053 0.325244 0.608053 0.325244 0.627518 0.300843 0.627518
6 0.193236 0.569117 0.223891 0.569117 0.223891 0.591239 0.193236 0.591239
6 0.305849 0.485941 0.316484 0.485941 0.316484 0.500982 0.305849 0.500982
6 0.477270 0.493019 0.484153 0.493019 0.484153 0.510716 0.477270 0.510716
6 0.464758 0.433732 0.472890 0.433732 0.472890 0.447891 0.464758 0.447891
6 0.476644 0.362059 0.489783 0.362059 0.489783 0.375331 0.476644 0.375331
6 0.419087 0.400109 0.436605 0.400109 0.436605 0.415150 0.419087 0.415150
6 0.369037 0.413382 0.384052 0.413382 0.384052 0.427537 0.369037 0.427537
6 0.318362 0.412496 0.336504 0.412496 0.336504 0.426655 0.318362 0.426655
6 0.304597 0.381526 0.316484 0.381526 0.316484 0.398338 0.304597 0.398338
6 0.272064 0.414265 0.288957 0.414265 0.288957 0.433732 0.272064 0.433732
6 0.223891 0.409840 0.238905 0.409840 0.238905 0.426655 0.223891 0.426655
6 0.178220 0.408957 0.188230 0.408957 0.188230 0.431079 0.178220 0.431079
6 0.146939 0.434618 0.158201 0.434618 0.158201 0.450544 0.146939 0.450544
6 0.147565 0.508062 0.156323 0.508062 0.156323 0.524874 0.147565 0.524874
6 0.146313 0.362944 0.153821 0.362944 0.153821 0.377985 0.146313 0.377985
6 0.076868 0.504521 0.087505 0.504521 0.087505 0.545225 0.076868 0.545225
8 0.595712 0.300820 0.875073 0.300820 0.875073 0.650467 0.595712 0.650467
10 0.757332 0.359197 0.828584 0.359197 0.828584 0.385005 0.757332 0.385005
10 0.754726 0.625888 0.835102 0.625888 0.835102 0.644935 0.754726 0.644935
10 0.772104 0.555220 0.813812 0.555220 0.813812 0.577342 0.772104 0.577342
7 0.719100 0.450757 0.867693 0.450757 0.867693 0.476565 0.719100 0.476565
1 0.018748 0.872910 0.340070 0.872910 0.340070 0.968476 0.018748 0.968476
0 0.639620 0.804952 0.981965 0.804952 0.981965 0.969543 0.639620 0.969543
1 0.870053 0.776282 0.974448 0.776282 0.974448 0.810261 0.870053 0.810261
