1 0.893085 0.827785 0.976527 0.827785 0.976527 0.852049 0.893085 0.852049
6 0.229201 0.783766 0.240713 0.783766 0.240713 0.792882 0.229201 0.792882
6 0.307496 0.783545 0.324470 0.783545 0.324470 0.793766 0.307496 0.793766
6 0.389244 0.782716 0.401535 0.782716 0.401535 0.793766 0.389244 0.793766
6 0.131650 0.821885 0.147063 0.821885 0.147063 0.832933 0.131650 0.832933
6 0.445042 0.782993 0.460846 0.782993 0.460846 0.793489 0.445042 0.793489
6 0.502208 0.781888 0.513134 0.781888 0.513134 0.793766 0.502208 0.793766
6 0.522304 0.783821 0.532643 0.783821 0.532643 0.793489 0.522304 0.793489
6 0.038508 0.540583 0.047094 0.540583 0.047094 0.561852 0.038508 0.561852
6 0.590199 0.794594 0.598978 0.794594 0.598978 0.823044 0.590199 0.823044
6 0.590394 0.723330 0.597807 0.723330 0.597807 0.739903 0.590394 0.739903
6 0.307713 0.284592 0.322191 0.284592 0.322191 0.296444 0.307713 0.296444
6 0.521616 0.205254 0.532417 0.205254 0.532417 0.215921 0.521616 0.215921
6 0.097433 0.205687 0.107689 0.205687 0.107689 0.215762 0.097433 0.215762
6 0.171841 0.783214 0.186084 0.783214 0.186084 0.793710 0.171841 0.793710
6 0.117017 0.782938 0.127162 0.782938 0.127162 0.793434 0.117017 0.793434
6 0.056407 0.171904 0.064989 0.171904 0.064989 0.186424 0.056407 0.186424
6 0.025242 0.541136 0.031680 0.541136 0.031680 0.561575 0.025242 0.561575
6 0.038781 0.695928 0.046196 0.695928 0.046196 0.716644 0.038781 0.716644
6 0.038723 0.384973 0.046852 0.384973 0.046852 0.404079 0.038723 0.404079
6 0.307156 0.841568 0.322842 0.841568 0.322842 0.853833 0.307156 0.853833
9 0.692456 0.066219 0.943623 0.066219 0.943623 0.153566 0.692456 0.153566
6 0.032754 0.129230 0.040290 0.129230 0.040290 0.143159 0.032754 0.143159
6 0.057245 0.131897 0.064780 0.131897 0.064780 0.146715 0.057245 0.146715
6 0.057873 0.107893 0.064780 0.107893 0.064780 0.122415 0.057873 0.122415
6 0.609638 0.539294 0.620314 0.539294 0.620314 0.563556 0.609638 0.563556
6 0.396184 0.187392 0.409964 0.187392 0.409964 0.198505 0.396184 0.198505
6 0.307769 0.206148 0.322159 0.206148 0.322159 0.215820 0.307769 0.215820
6 0.307507 0.186848 0.323060 0.186848 0.323060 0.199651 0.307507 0.199651
6 0.220510 0.187905 0.234743 0.187905 0.234743 0.197388 0.220510 0.197388
6 0.132597 0.187609 0.146831 0.187609 0.146831 0.198574 0.132597 0.198574
6 0.589972 0.540089 0.598681 0.540089 0.598681 0.562760 0.589972 0.562760
6 0.590147 0.362071 0.597626 0.362071 0.597626 0.378415 0.590147 0.378415
2 0.858529 0.827785 0.871172 0.827785 0.871172 0.850060 0.858529 0.850060
2 0.841392 0.829377 0.857405 0.829377 0.857405 0.850458 0.841392 0.850458
0 0.744465 0.850458 0.980741 0.850458 0.980741 0.960636 0.744465 0.960636
2 0.048035 0.085964 0.062269 0.085964 0.062269 0.107005 0.048035 0.107005
12 0.529646 0.296738 0.574147 0.296738 0.574147 0.324231 0.529646 0.324231
1 0.020519 0.930700 0.241766 0.930700 0.241766 0.961194 0.020519 0.961194
2 0.872577 0.829774 0.885780 0.829774 0.885780 0.850458 0.872577 0.850458
