0 0.644211 0.804543 0.981014 0.804543 0.981014 0.964935 0.644211 0.964935
6 0.228798 0.255597 0.243313 0.255597 0.243313 0.279335 0.228798 0.279335
6 0.293718 0.284253 0.302381 0.284253 0.302381 0.298732 0.293718 0.298732
6 0.321018 0.259376 0.326530 0.259376 0.326530 0.272000 0.321018 0.272000
6 0.335717 0.364819 0.349894 0.364819 0.349894 0.378928 0.335717 0.378928
6 0.384385 0.301149 0.397539 0.301149 0.397539 0.321679 0.384385 0.321679
6 0.787518 0.632177 0.798228 0.632177 0.798228 0.649552 0.787518 0.649552
6 0.517874 0.615692 0.530159 0.615692 0.530159 0.654453 0.517874 0.654453
6 0.574575 0.751134 0.590641 0.751134 0.590641 0.766282 0.574575 0.766282
1 0.010674 0.855334 0.333869 0.855334 0.333869 0.978836 0.010674 0.978836
1 0.861941 0.765515 0.976855 0.765515 0.976855 0.801335 0.861941 0.801335
2 0.787096 0.767654 0.857028 0.767654 0.857028 0.801870 0.787096 0.801870
6 0.310446 0.148457 0.324508 0.148457 0.324508 0.164494 0.310446 0.164494
2 0.228782 0.717932 0.255242 0.717932 0.255242 0.754823 0.228782 0.754823
4 0.771139 0.496734 0.781534 0.496734 0.781534 0.546188 0.771139 0.546188
3 0.670652 0.631730 0.716013 0.631730 0.716013 0.652225 0.670652 0.652225
2 0.220127 0.532305 0.240539 0.532305 0.240539 0.565452 0.220127 0.565452
3 0.376355 0.612404 0.434489 0.612404 0.434489 0.629032 0.376355 0.629032
3 0.367211 0.487683 0.396605 0.487683 0.396605 0.527409 0.367211 0.527409
2 0.248757 0.332586 0.274611 0.332586 0.274611 0.369797 0.248757 0.369797
2 0.365333 0.167704 0.393003 0.167704 0.393003 0.195931 0.365333 0.195931
7 0.511355 0.287424 0.575300 0.287424 0.575300 0.305244 0.511355 0.305244
10 0.519229 0.273612 0.571206 0.273612 0.571206 0.285641 0.519229 0.285641
1 0.508842 0.238861 0.577505 0.238861 0.577505 0.252671 0.508842 0.252671
8 0.421717 0.216333 0.584561 0.216333 0.584561 0.326043 0.421717 0.326043
6 0.332735 0.756427 0.351633 0.756427 0.351633 0.771930 0.332735 0.771930
6 0.813980 0.657571 0.828469 0.657571 0.828469 0.672719 0.813980 0.672719
6 0.215967 0.646183 0.230332 0.646183 0.230332 0.688955 0.215967 0.688955
6 0.194799 0.614105 0.211054 0.614105 0.211054 0.677194 0.194799 0.677194
6 0.248098 0.564918 0.260573 0.564918 0.260573 0.586304 0.248098 0.586304
6 0.352256 0.284253 0.361443 0.284253 0.361443 0.297617 0.352256 0.297617
6 0.294241 0.202571 0.302381 0.202571 0.302381 0.215196 0.294241 0.215196
6 0.353043 0.201459 0.361180 0.201459 0.361180 0.216309 0.353043 0.216309
10 0.782793 0.511882 0.795080 0.511882 0.795080 0.551089 0.782793 0.551089
