2 0.308694 0.200742 0.345549 0.200742 0.345549 0.246197 0.308694 0.246197
2 0.287523 0.147527 0.326730 0.147527 0.326730 0.189655 0.287523 0.189655
6 0.289090 0.506724 0.310261 0.506724 0.310261 0.542199 0.289090 0.542199
6 0.273408 0.212938 0.292228 0.212938 0.292228 0.296084 0.273408 0.296084
6 0.311047 0.481224 0.324376 0.481224 0.324376 0.503396 0.311047 0.503396
6 0.445133 0.641977 0.470227 0.641977 0.470227 0.665256 0.445133 0.665256
6 0.451408 0.609826 0.479637 0.609826 0.479637 0.631997 0.451408 0.631997
6 0.343195 0.607609 0.379267 0.607609 0.379267 0.631997 0.343195 0.631997
1 0.012291 0.850397 0.474146 0.850397 0.474146 0.983434 0.012291 0.983434
0 0.505513 0.737319 0.986190 0.737319 0.986190 0.966806 0.505513 0.966806
1 0.823089 0.695192 0.985406 0.695192 0.985406 0.739535 0.823089 0.739535
2 0.706253 0.698516 0.805053 0.698516 0.805053 0.741751 0.706253 0.741751
10 0.605883 0.401406 0.659988 0.401406 0.659988 0.428010 0.605883 0.428010
