2 0.110426 0.725947 0.140607 0.725947 0.140607 0.768266 0.110426 0.768266
6 0.229734 0.163721 0.244756 0.163721 0.244756 0.187083 0.229734 0.187083
6 0.299582 0.162657 0.313101 0.162657 0.313101 0.187083 0.299582 0.187083
6 0.345394 0.159473 0.364170 0.159473 0.364170 0.184959 0.345394 0.184959
6 0.348399 0.226368 0.362671 0.226368 0.362671 0.250790 0.348399 0.250790
6 0.084770 0.687541 0.098602 0.687541 0.098602 0.715280 0.084770 0.715280
6 0.251952 0.739176 0.270189 0.739176 0.270189 0.758735 0.251952 0.758735
6 0.228232 0.228492 0.240999 0.228492 0.240999 0.252914 0.228232 0.252914
6 0.551176 0.458348 0.573534 0.458348 0.573534 0.478598 0.551176 0.478598
3 0.496640 0.155195 0.571091 0.155195 0.571091 0.177244 0.496640 0.177244
10 0.504282 0.247548 0.562958 0.247548 0.562958 0.277657 0.504282 0.277657
1 0.831016 0.695855 0.987663 0.695855 0.987663 0.742798 0.831016 0.742798
2 0.798561 0.705079 0.824407 0.705079 0.824407 0.742613 0.798561 0.742613
2 0.771659 0.704337 0.796638 0.704337 0.796638 0.743355 0.771659 0.743355
2 0.737075 0.705079 0.768691 0.705079 0.768691 0.743355 0.737075 0.743355
0 0.508447 0.741043 0.984611 0.741043 0.984611 0.966156 0.508447 0.966156
1 0.027027 0.840858 0.480658 0.840858 0.480658 0.947042 0.027027 0.947042
6 0.183169 0.159473 0.195936 0.159473 0.195936 0.186019 0.183169 0.186019
2 0.106144 0.511132 0.136205 0.511132 0.136205 0.551074 0.106144 0.551074
6 0.165544 0.450195 0.187637 0.450195 0.187637 0.472216 0.165544 0.472216
6 0.156633 0.343581 0.175467 0.343581 0.175467 0.365602 0.156633 0.365602
6 0.297329 0.228492 0.313851 0.228492 0.313851 0.252914 0.297329 0.252914
6 0.102305 0.260626 0.117879 0.260626 0.117879 0.288276 0.102305 0.288276
6 0.182419 0.228492 0.195936 0.228492 0.195936 0.251854 0.182419 0.251854
6 0.047467 0.596139 0.065215 0.596139 0.065215 0.679094 0.047467 0.679094
6 0.248849 0.450195 0.270218 0.450195 0.270218 0.471703 0.248849 0.471703
8 0.420963 0.088755 0.576805 0.088755 0.576805 0.311741 0.420963 0.311741
