6 0.469388 0.290479 0.489671 0.290479 0.489671 0.319155 0.469388 0.319155
6 0.363957 0.212900 0.376473 0.212900 0.376473 0.235024 0.363957 0.235024
1 0.293198 0.833635 0.469693 0.833635 0.469693 0.890975 0.293198 0.890975
2 0.544874 0.706430 0.567404 0.706430 0.567404 0.743591 0.544874 0.743591
2 0.224700 0.297702 0.252342 0.297702 0.252342 0.341207 0.224700 0.341207
1 0.610965 0.700058 0.766425 0.700058 0.766425 0.742531 0.610965 0.742531
2 0.571159 0.706430 0.595194 0.706430 0.595194 0.743591 0.571159 0.743591
11 0.321188 0.265256 0.341529 0.265256 0.341529 0.300650 0.321188 0.300650
2 0.721403 0.441594 0.752552 0.441594 0.752552 0.478461 0.721403 0.478461
7 0.098212 0.473341 0.175358 0.473341 0.175358 0.501505 0.098212 0.501505
12 0.459248 0.447175 0.502709 0.447175 0.502709 0.486604 0.459248 0.486604
4 0.579857 0.267948 0.605936 0.267948 0.605936 0.293550 0.579857 0.293550
4 0.504521 0.353464 0.517559 0.353464 0.517559 0.422083 0.504521 0.422083
2 0.385721 0.272045 0.412523 0.272045 0.412523 0.311474 0.385721 0.311474
4 0.163157 0.217326 0.187148 0.217326 0.187148 0.337521 0.163157 0.337521
7 0.405931 0.223755 0.485252 0.223755 0.485252 0.251409 0.405931 0.251409
6 0.751103 0.322278 0.764141 0.322278 0.764141 0.385263 0.751103 0.385263
1 0.025075 0.890975 0.471195 0.890975 0.471195 0.946190 0.025075 0.946190
0 0.511076 0.743591 0.981981 0.743591 0.981981 0.960209 0.511076 0.960209
2 0.509574 0.703242 0.541118 0.703242 0.541118 0.742531 0.509574 0.742531
3 0.740041 0.269665 0.761137 0.269665 0.761137 0.296840 0.740041 0.296840
1 0.025825 0.846378 0.294700 0.846378 0.294700 0.890975 0.025825 0.890975
6 0.363628 0.565975 0.384272 0.565975 0.384272 0.583386 0.363628 0.583386
6 0.402383 0.511183 0.437516 0.511183 0.437516 0.531156 0.402383 0.531156
