2 0.529730 0.720070 0.546947 0.720070 0.546947 0.746800 0.529730 0.746800
2 0.548965 0.720070 0.568201 0.720070 0.568201 0.746800 0.548965 0.746800
6 0.348690 0.428224 0.367318 0.428224 0.367318 0.444836 0.348690 0.444836
6 0.348286 0.471183 0.366509 0.471183 0.366509 0.488365 0.348286 0.488365
6 0.248664 0.429371 0.276607 0.429371 0.276607 0.445409 0.248664 0.445409
6 0.223557 0.362356 0.236516 0.362356 0.236516 0.401877 0.223557 0.401877
6 0.225177 0.302216 0.237325 0.302216 0.237325 0.330281 0.225177 0.330281
6 0.176581 0.302789 0.187920 0.302789 0.187920 0.327417 0.176581 0.327417
6 0.177765 0.525975 0.188310 0.525975 0.188310 0.573374 0.177765 0.573374
1 0.019049 0.918058 0.335894 0.918058 0.335894 0.961357 0.019049 0.961357
0 0.506756 0.746364 0.972789 0.746364 0.972789 0.962182 0.506756 0.962182
1 0.578326 0.714342 0.688307 0.714342 0.688307 0.746321 0.578326 0.746321
12 0.437378 0.415624 0.467346 0.415624 0.467346 0.481493 0.437378 0.481493
4 0.488403 0.197400 0.531734 0.197400 0.531734 0.216872 0.488403 0.216872
2 0.208230 0.554149 0.232134 0.554149 0.232134 0.584313 0.208230 0.584313
2 0.232369 0.594257 0.254867 0.594257 0.254867 0.622100 0.232369 0.622100
2 0.504756 0.721026 0.527368 0.721026 0.527368 0.747753 0.504756 0.747753
