6 0.156021 0.607780 0.169773 0.607780 0.169773 0.639863 0.156021 0.639863
2 0.363672 0.131440 0.402864 0.131440 0.402864 0.176156 0.363672 0.176156
10 0.385675 0.534873 0.450997 0.534873 0.450997 0.560147 0.385675 0.560147
3 0.364359 0.511542 0.382238 0.511542 0.382238 0.537787 0.364359 0.537787
6 0.299040 0.671943 0.325167 0.671943 0.325167 0.700133 0.299040 0.700133
6 0.267409 0.719576 0.325167 0.719576 0.325167 0.740964 0.267409 0.740964
6 0.372610 0.713745 0.428307 0.713745 0.428307 0.743878 0.372610 0.743878
6 0.330668 0.093526 0.353358 0.093526 0.353358 0.118803 0.330668 0.118803
6 0.156708 0.342391 0.173897 0.342391 0.173897 0.373499 0.156708 0.373499
6 0.288725 0.436686 0.310728 0.436686 0.310728 0.467794 0.288725 0.467794
6 0.184898 0.626252 0.199337 0.626252 0.199337 0.654443 0.184898 0.654443
6 0.477124 0.402664 0.492252 0.402664 0.492252 0.481406 0.477124 0.481406
6 0.406304 0.274343 0.423493 0.274343 0.423493 0.315171 0.406304 0.315171
6 0.473000 0.241289 0.494315 0.241289 0.494315 0.321977 0.473000 0.321977
6 0.502567 0.288923 0.519069 0.288923 0.519069 0.320031 0.502567 0.320031
2 0.175273 0.385164 0.209652 0.385164 0.209652 0.433772 0.175273 0.433772
10 0.609831 0.144077 0.677213 0.144077 0.677213 0.172267 0.609831 0.172267
1 0.013002 0.904282 0.469562 0.904282 0.469562 0.966498 0.013002 0.966498
0 0.508067 0.734159 0.981130 0.734159 0.981130 0.964552 0.508067 0.964552
2 0.881427 0.702079 0.977003 0.702079 0.977003 0.748741 0.881427 0.748741
1 0.710905 0.689439 0.877303 0.689439 0.877303 0.745824 0.710905 0.745824
4 0.624269 0.195598 0.641459 0.195598 0.641459 0.222818 0.624269 0.222818
