6 0.567838 0.548185 0.575854 0.548185 0.575854 0.563850 0.567838 0.563850
2 0.507521 0.248637 0.521341 0.248637 0.521341 0.268433 0.507521 0.268433
6 0.567681 0.442222 0.575403 0.442222 0.575403 0.459677 0.567681 0.459677
6 0.567003 0.376159 0.575132 0.376159 0.575132 0.404548 0.567003 0.404548
6 0.566178 0.321195 0.575887 0.321195 0.575887 0.341242 0.566178 0.341242
6 0.261094 0.790475 0.269243 0.790475 0.269243 0.804796 0.261094 0.804796
6 0.307449 0.773838 0.311649 0.773838 0.311649 0.782661 0.307449 0.782661
6 0.372199 0.774797 0.376819 0.774797 0.376819 0.782853 0.372199 0.782853
6 0.413658 0.774221 0.419484 0.774221 0.419484 0.783044 0.413658 0.783044
6 0.455402 0.775372 0.459995 0.775372 0.459995 0.783044 0.455402 0.783044
6 0.520977 0.774029 0.525707 0.774029 0.525707 0.782661 0.520977 0.782661
6 0.325152 0.850971 0.333996 0.850971 0.333996 0.860029 0.325152 0.860029
10 0.577536 0.785620 0.607487 0.785620 0.607487 0.796831 0.577536 0.796831
10 0.577300 0.809873 0.607446 0.809873 0.607446 0.820424 0.577300 0.820424
1 0.017387 0.943280 0.239088 0.943280 0.239088 0.969054 0.017387 0.969054
0 0.745824 0.851437 0.980134 0.851437 0.980134 0.959785 0.745824 0.959785
1 0.745824 0.830434 0.823366 0.830434 0.823366 0.851914 0.745824 0.851914
6 0.832468 0.831866 0.848988 0.831866 0.848988 0.851437 0.832468 0.851437
6 0.850337 0.830912 0.862811 0.830912 0.862811 0.850959 0.850337 0.850959
6 0.863485 0.831866 0.876296 0.831866 0.876296 0.851914 0.863485 0.851914
6 0.351163 0.174312 0.361406 0.174312 0.361406 0.184900 0.351163 0.184900
6 0.348236 0.151293 0.358317 0.151293 0.358317 0.161881 0.348236 0.161881
2 0.264879 0.268249 0.279349 0.268249 0.279349 0.288274 0.264879 0.288274
3 0.105496 0.258327 0.130372 0.258327 0.130372 0.269838 0.105496 0.269838
2 0.120210 0.648350 0.135006 0.648350 0.135006 0.669757 0.120210 0.669757
2 0.158744 0.646738 0.172400 0.646738 0.172400 0.667915 0.158744 0.667915
2 0.255211 0.635846 0.269664 0.635846 0.269664 0.655028 0.255211 0.655028
6 0.404003 0.174772 0.416034 0.174772 0.416034 0.185129 0.404003 0.185129
3 0.636018 0.260339 0.660292 0.260339 0.660292 0.275136 0.636018 0.275136
8 0.540291 0.772690 0.608382 0.772690 0.608382 0.844507 0.540291 0.844507
2 0.299185 0.242928 0.312841 0.242928 0.312841 0.265487 0.299185 0.265487
3 0.298030 0.081271 0.321279 0.081271 0.321279 0.092319 0.298030 0.092319
6 0.225565 0.445651 0.234183 0.445651 0.234183 0.478567 0.225565 0.478567
6 0.224721 0.297919 0.233988 0.297919 0.233988 0.313111 0.224721 0.313111
6 0.490612 0.255081 0.500692 0.255081 0.500692 0.265671 0.490612 0.265671
6 0.403792 0.229531 0.417287 0.229531 0.417287 0.240120 0.403792 0.240120
6 0.319897 0.256003 0.329490 0.256003 0.329490 0.265671 0.319897 0.265671
6 0.457981 0.174541 0.468549 0.174541 0.468549 0.185360 0.457981 0.185360
6 0.206043 0.432885 0.214627 0.432885 0.214627 0.491166 0.206043 0.491166
6 0.089076 0.323008 0.097205 0.323008 0.097205 0.339123 0.089076 0.339123
6 0.088689 0.477908 0.097468 0.477908 0.097468 0.512988 0.088689 0.512988
6 0.140534 0.678734 0.151590 0.678734 0.151590 0.690934 0.140534 0.690934
6 0.245163 0.610111 0.254195 0.610111 0.254195 0.623698 0.245163 0.623698
6 0.225631 0.603238 0.233533 0.603238 0.233533 0.617303 0.225631 0.617303
6 0.302892 0.664156 0.312264 0.664156 0.312264 0.674072 0.302892 0.674072
6 0.337555 0.663356 0.347151 0.663356 0.347151 0.674226 0.337555 0.674226
6 0.404518 0.662598 0.414913 0.662598 0.414913 0.673337 0.404518 0.673337
6 0.402859 0.695825 0.416814 0.695825 0.416814 0.706374 0.402859 0.706374
