6 0.478755 0.524202 0.500130 0.524202 0.500130 0.543374 0.478755 0.543374
6 0.306708 0.488807 0.323911 0.488807 0.323911 0.547061 0.306708 0.547061
2 0.342160 0.485119 0.369791 0.485119 0.369791 0.516826 0.342160 0.516826
2 0.353629 0.409906 0.376569 0.409906 0.376569 0.446776 0.353629 0.446776
6 0.571556 0.184265 0.576249 0.184265 0.576249 0.201962 0.571556 0.201962
6 0.517335 0.226297 0.527241 0.226297 0.527241 0.241780 0.517335 0.241780
6 0.507429 0.164354 0.515251 0.164354 0.515251 0.174678 0.507429 0.174678
6 0.516292 0.148870 0.527763 0.148870 0.527763 0.162881 0.516292 0.162881
6 0.545488 0.111263 0.555916 0.111263 0.555916 0.129698 0.545488 0.129698
6 0.457901 0.147395 0.470414 0.147395 0.470414 0.162881 0.457901 0.162881
6 0.412543 0.185740 0.419321 0.185740 0.419321 0.199751 0.412543 0.199751
6 0.489182 0.070706 0.503258 0.070706 0.503258 0.091352 0.489182 0.091352
1 0.714929 0.780813 0.825977 0.780813 0.825977 0.802934 0.714929 0.802934
2 0.641418 0.776388 0.710758 0.776388 0.710758 0.806621 0.641418 0.806621
1 0.022569 0.872987 0.342682 0.872987 0.342682 0.954100 0.022569 0.954100
6 0.438090 0.907644 0.460508 0.907644 0.460508 0.932716 0.438090 0.932716
6 0.339554 0.738781 0.353629 0.738781 0.353629 0.766064 0.339554 0.766064
6 0.303580 0.735832 0.318177 0.735832 0.318177 0.771964 0.303580 0.771964
8 0.161770 0.075131 0.320263 0.075131 0.320263 0.327317 0.161770 0.327317
6 0.327040 0.275701 0.342682 0.275701 0.342682 0.316996 0.327040 0.316996
10 0.255093 0.132646 0.307229 0.132646 0.307229 0.145184 0.255093 0.145184
10 0.254572 0.172467 0.306708 0.172467 0.306708 0.187213 0.254572 0.187213
3 0.259265 0.209335 0.301493 0.209335 0.301493 0.228507 0.259265 0.228507
6 0.340074 0.901009 0.354151 0.901009 0.354151 0.931241 0.340074 0.931241
7 0.245709 0.282337 0.315570 0.282337 0.315570 0.297085 0.245709 0.297085
0 0.636205 0.802934 0.980821 0.802934 0.980821 0.965160 0.636205 0.965160
6 0.436525 0.111263 0.451124 0.111263 0.451124 0.126011 0.436525 0.126011
6 0.544967 0.260215 0.558522 0.260215 0.558522 0.276439 0.544967 0.276439
6 0.436525 0.259478 0.451124 0.259478 0.451124 0.279388 0.436525 0.279388
6 0.461030 0.224821 0.470934 0.224821 0.470934 0.243256 0.461030 0.243256
6 0.429225 0.375987 0.448515 0.375987 0.448515 0.391471 0.429225 0.391471
4 0.609094 0.571393 0.646111 0.571393 0.646111 0.591304 0.609094 0.591304
4 0.314527 0.563283 0.370313 0.563283 0.370313 0.583931 0.314527 0.583931
6 0.479798 0.566969 0.497524 0.566969 0.497524 0.587617 0.479798 0.587617
