2 0.137028 0.229577 0.159294 0.229577 0.159294 0.258829 0.137028 0.258829
6 0.104005 0.163754 0.125883 0.163754 0.125883 0.225639 0.104005 0.225639
2 0.142589 0.132252 0.164862 0.132252 0.164862 0.159819 0.142589 0.159819
6 0.346504 0.639037 0.360058 0.639037 0.360058 0.701715 0.346504 0.701715
6 0.326171 0.717937 0.338161 0.717937 0.338161 0.769555 0.326171 0.769555
10 0.442955 0.710564 0.514902 0.710564 0.514902 0.726785 0.442955 0.726785
10 0.443475 0.666321 0.515423 0.666321 0.515423 0.681069 0.443475 0.681069
6 0.170807 0.199552 0.181755 0.199552 0.181755 0.222412 0.170807 0.222412
6 0.307924 0.268130 0.366836 0.268130 0.366836 0.288776 0.307924 0.288776
6 0.311052 0.410445 0.338683 0.410445 0.338683 0.429618 0.311052 0.429618
6 0.400725 0.817484 0.416366 0.817484 0.416366 0.834446 0.400725 0.834446
6 0.414281 0.788728 0.429400 0.788728 0.429400 0.804949 0.414281 0.804949
6 0.146444 0.506057 0.158338 0.506057 0.158338 0.536638 0.146444 0.536638
5 0.320436 0.593319 0.341811 0.593319 0.341811 0.631662 0.320436 0.631662
1 0.011272 0.858778 0.331384 0.858778 0.331384 0.977141 0.011272 0.977141
1 0.643155 0.777666 0.829802 0.777666 0.829802 0.806425 0.643155 0.806425
0 0.645240 0.804949 0.981515 0.804949 0.981515 0.965701 0.645240 0.965701
6 0.506561 0.617654 0.520636 0.617654 0.520636 0.644935 0.506561 0.644935
2 0.177585 0.555711 0.204695 0.555711 0.204695 0.586681 0.177585 0.586681
2 0.177063 0.458377 0.203651 0.458377 0.203651 0.486398 0.177063 0.486398
10 0.288112 0.108853 0.359538 0.108853 0.359538 0.122126 0.288112 0.122126
12 0.185546 0.261642 0.212991 0.261642 0.212991 0.342654 0.185546 0.342654
