1 0.463614 0.348283 0.506742 0.348283 0.506742 0.376922 0.463614 0.376922
2 0.712917 0.701594 0.814935 0.701594 0.814935 0.743181 0.712917 0.743181
1 0.821335 0.696043 0.975639 0.696043 0.975639 0.737326 0.821335 0.737326
4 0.679192 0.414658 0.698491 0.414658 0.698491 0.493560 0.679192 0.493560
1 0.017424 0.804603 0.475982 0.804603 0.475982 0.978916 0.017424 0.978916
0 0.501940 0.735797 0.989698 0.735797 0.989698 0.969744 0.501940 0.969744
4 0.339657 0.506094 0.365735 0.506094 0.365735 0.624815 0.339657 0.624815
7 0.412675 0.622603 0.497690 0.622603 0.497690 0.660947 0.412675 0.660947
6 0.515423 0.593844 0.572794 0.593844 0.572794 0.618916 0.515423 0.618916
12 0.464311 0.312161 0.510208 0.312161 0.510208 0.333547 0.464311 0.333547
12 0.643205 0.278242 0.706836 0.278242 0.706836 0.321009 0.643205 0.321009
6 0.567056 0.239159 0.606696 0.239159 0.606696 0.263495 0.567056 0.263495
2 0.370169 0.365834 0.405457 0.365834 0.405457 0.412028 0.370169 0.412028
2 0.649192 0.558923 0.685133 0.558923 0.685133 0.604189 0.649192 0.604189
2 0.419833 0.559846 0.455772 0.559846 0.455772 0.606040 0.419833 0.606040
