1 0.295571 0.835147 0.470989 0.835147 0.470989 0.890133 0.295571 0.890133
1 0.025656 0.845386 0.295174 0.845386 0.295174 0.889101 0.025656 0.889101
6 0.191846 0.481823 0.206026 0.481823 0.206026 0.496621 0.191846 0.496621
6 0.112847 0.528122 0.150997 0.528122 0.150997 0.548170 0.112847 0.548170
6 0.104746 0.482302 0.117912 0.482302 0.117912 0.523827 0.104746 0.523827
6 0.372204 0.564819 0.391156 0.564819 0.391156 0.583875 0.372204 0.583875
6 0.097487 0.426601 0.140024 0.426601 0.140024 0.451419 0.097487 0.451419
1 0.827218 0.703232 0.981577 0.703232 0.981577 0.743868 0.827218 0.743868
2 0.791628 0.701546 0.814378 0.701546 0.814378 0.743608 0.791628 0.743608
4 0.280346 0.089333 0.303195 0.089333 0.303195 0.196556 0.280346 0.196556
4 0.282054 0.331614 0.308050 0.331614 0.308050 0.450465 0.282054 0.450465
6 0.381952 0.109952 0.404315 0.109952 0.404315 0.128509 0.381952 0.128509
2 0.764792 0.702370 0.788711 0.702370 0.788711 0.743608 0.764792 0.743608
2 0.728041 0.700718 0.760126 0.700718 0.760126 0.743608 0.728041 0.743608
3 0.107615 0.400349 0.128885 0.400349 0.128885 0.420872 0.107615 0.420872
0 0.510733 0.742565 0.981809 0.742565 0.981809 0.959757 0.510733 0.959757
12 0.450936 0.315759 0.491050 0.315759 0.491050 0.454371 0.450936 0.454371
6 0.367506 0.134997 0.413082 0.134997 0.413082 0.154090 0.367506 0.154090
6 0.445273 0.475321 0.457192 0.475321 0.457192 0.501840 0.445273 0.501840
1 0.025704 0.892811 0.470041 0.892811 0.470041 0.948485 0.025704 0.948485
