1 0.733241 0.206495 0.791430 0.206495 0.791430 0.221345 0.733241 0.221345
7 0.735647 0.172460 0.788805 0.172460 0.788805 0.186074 0.735647 0.186074
6 0.374043 0.242061 0.384021 0.242061 0.384021 0.263875 0.374043 0.263875
6 0.397176 0.276705 0.407156 0.276705 0.407156 0.334446 0.397176 0.334446
6 0.471113 0.382564 0.514207 0.382564 0.514207 0.401812 0.471113 0.401812
6 0.521464 0.440946 0.537794 0.440946 0.537794 0.453778 0.521464 0.453778
6 0.546414 0.211906 0.553670 0.211906 0.553670 0.230513 0.546414 0.230513
6 0.590867 0.153524 0.599032 0.153524 0.599032 0.165073 0.590867 0.165073
6 0.479733 0.151599 0.489713 0.151599 0.489713 0.165714 0.479733 0.165714
6 0.482001 0.305576 0.493795 0.305576 0.493795 0.320331 0.482001 0.320331
6 0.588144 0.304294 0.601300 0.304294 0.601300 0.317765 0.588144 0.317765
6 0.065680 0.290307 0.077021 0.290307 0.077021 0.318537 0.065680 0.318537
6 0.118753 0.388466 0.147783 0.388466 0.147783 0.406430 0.118753 0.406430
6 0.134175 0.743254 0.151866 0.743254 0.151866 0.760576 0.134175 0.760576
6 0.474652 0.748193 0.510487 0.748193 0.510487 0.767441 0.474652 0.767441
6 0.421127 0.636560 0.436095 0.636560 0.436095 0.673130 0.421127 0.673130
6 0.394365 0.599990 0.408427 0.599990 0.408427 0.657731 0.394365 0.657731
10 0.738928 0.158846 0.789023 0.158846 0.789023 0.169985 0.738928 0.169985
10 0.087907 0.594410 0.101062 0.594410 0.101062 0.647658 0.087907 0.647658
1 0.009434 0.854886 0.334216 0.854886 0.334216 0.981916 0.009434 0.981916
0 0.643576 0.802276 0.981059 0.802276 0.981059 0.963953 0.643576 0.963953
1 0.863475 0.763578 0.976696 0.763578 0.976696 0.802842 0.863475 0.802842
2 0.786614 0.767779 0.860294 0.767779 0.860294 0.802146 0.786614 0.802146
3 0.569909 0.747552 0.624342 0.747552 0.624342 0.767441 0.569909 0.767441
2 0.421127 0.709057 0.451519 0.709057 0.451519 0.744985 0.421127 0.744985
2 0.420219 0.521720 0.446528 0.521720 0.446528 0.553157 0.420219 0.553157
2 0.433918 0.408227 0.458413 0.408227 0.458413 0.443512 0.433918 0.443512
2 0.408062 0.357542 0.431650 0.357542 0.431650 0.388338 0.408062 0.388338
3 0.257012 0.086802 0.310990 0.086802 0.310990 0.108614 0.257012 0.108614
9 0.648464 0.116880 0.796254 0.116880 0.796254 0.225665 0.648464 0.225665
