6 0.237317 0.624463 0.292552 0.624463 0.292552 0.646228 0.237317 0.646228
1 0.569463 0.382859 0.635745 0.382859 0.635745 0.405390 0.569463 0.405390
0 0.508822 0.737859 0.982883 0.737859 0.982883 0.962120 0.508822 0.962120
2 0.885847 0.704860 0.918043 0.704860 0.918043 0.743622 0.885847 0.743622
3 0.579969 0.359422 0.680830 0.359422 0.680830 0.378981 0.579969 0.378981
2 0.947470 0.703437 0.973880 0.703437 0.973880 0.743622 0.947470 0.743622
2 0.920559 0.703081 0.945460 0.703081 0.945460 0.744333 0.920559 0.744333
1 0.723885 0.699932 0.870965 0.699932 0.870965 0.745947 0.723885 0.745947
5 0.564124 0.359778 0.578962 0.359778 0.578962 0.376847 0.564124 0.376847
6 0.515907 0.606669 0.563474 0.606669 0.563474 0.662415 0.515907 0.662415
1 0.020718 0.900852 0.469093 0.900852 0.469093 0.961375 0.020718 0.961375
