6 0.469195 0.490322 0.487615 0.490322 0.487615 0.517881 0.469195 0.517881
6 0.196425 0.333896 0.203693 0.333896 0.203693 0.349502 0.196425 0.349502
6 0.159461 0.451637 0.169345 0.451637 0.169345 0.514197 0.159461 0.514197
6 0.195655 0.473244 0.203504 0.473244 0.203504 0.493619 0.195655 0.493619
6 0.386789 0.562984 0.395999 0.562984 0.395999 0.582839 0.386789 0.582839
6 0.366900 0.617835 0.374604 0.617835 0.374604 0.632858 0.366900 0.632858
6 0.334630 0.652613 0.347131 0.652613 0.347131 0.663932 0.334630 0.663932
6 0.318060 0.672781 0.342480 0.672781 0.342480 0.685747 0.318060 0.685747
6 0.370999 0.096564 0.378558 0.096564 0.378558 0.125786 0.370999 0.125786
6 0.277086 0.204471 0.287141 0.204471 0.287141 0.215274 0.277086 0.215274
6 0.329173 0.203956 0.339468 0.203956 0.339468 0.214932 0.329173 0.214932
6 0.275651 0.257736 0.286250 0.257736 0.286250 0.269169 0.275651 0.269169
6 0.300079 0.296465 0.309366 0.296465 0.309366 0.307041 0.300079 0.307041
6 0.320772 0.295894 0.330766 0.295894 0.330766 0.306183 0.320772 0.306183
6 0.319223 0.688216 0.333758 0.688216 0.333758 0.700563 0.319223 0.700563
6 0.293786 0.710646 0.304687 0.710646 0.304687 0.722603 0.293786 0.722603
6 0.276924 0.732461 0.303524 0.732461 0.303524 0.744190 0.276924 0.744190
6 0.258899 0.650761 0.279686 0.650761 0.279686 0.660640 0.258899 0.660640
6 0.196541 0.631416 0.203228 0.631416 0.203228 0.641089 0.196541 0.641089
6 0.364727 0.826313 0.372263 0.826313 0.372263 0.843499 0.364727 0.843499
6 0.364518 0.868392 0.373309 0.868392 0.373309 0.895062 0.364518 0.895062
6 0.353006 0.911361 0.372891 0.911361 0.372891 0.923215 0.353006 0.923215
6 0.293142 0.911066 0.305492 0.911066 0.305492 0.922919 0.293142 0.922919
6 0.533060 0.718632 0.543610 0.718632 0.543610 0.733140 0.533060 0.733140
6 0.533785 0.692085 0.552536 0.692085 0.552536 0.704226 0.533785 0.704226
6 0.542797 0.673152 0.578409 0.673152 0.578409 0.684264 0.542797 0.684264
6 0.473382 0.631676 0.481545 0.631676 0.481545 0.641455 0.473382 0.641455
6 0.448683 0.544551 0.458102 0.544551 0.458102 0.601449 0.448683 0.601449
6 0.437380 0.513732 0.445544 0.513732 0.445544 0.534180 0.437380 0.534180
6 0.524455 0.285870 0.534754 0.285870 0.534754 0.298315 0.524455 0.298315
9 0.740262 0.045006 0.973695 0.045006 0.973695 0.112593 0.740262 0.112593
1 0.019086 0.931996 0.240786 0.931996 0.240786 0.958343 0.019086 0.958343
2 0.583206 0.709783 0.598323 0.709783 0.598323 0.732831 0.583206 0.732831
3 0.511254 0.651040 0.521684 0.651040 0.521684 0.661758 0.511254 0.661758
3 0.330633 0.474719 0.342321 0.474719 0.342321 0.485584 0.330633 0.485584
1 0.743369 0.828421 0.822876 0.828421 0.822876 0.851890 0.743369 0.851890
10 0.653022 0.359153 0.691000 0.359153 0.691000 0.371101 0.653022 0.371101
1 0.602385 0.372808 0.719634 0.372808 0.719634 0.387318 0.602385 0.387318
10 0.605399 0.445353 0.633732 0.445353 0.633732 0.459436 0.605399 0.459436
3 0.459359 0.444684 0.484058 0.444684 0.484058 0.456243 0.459359 0.456243
2 0.358178 0.641912 0.373295 0.641912 0.373295 0.661462 0.358178 0.661462
3 0.160255 0.198623 0.189084 0.198623 0.189084 0.208912 0.160255 0.208912
2 0.184070 0.305943 0.198968 0.305943 0.198968 0.325150 0.184070 0.325150
2 0.352945 0.685747 0.368062 0.685747 0.368062 0.705297 0.352945 0.705297
4 0.368935 0.740693 0.397135 0.740693 0.397135 0.752834 0.368935 0.752834
2 0.931885 0.829218 0.947898 0.829218 0.947898 0.851095 0.931885 0.851095
0 0.744493 0.850696 0.980208 0.850696 0.980208 0.960477 0.744493 0.960477
2 0.950146 0.830410 0.961665 0.830410 0.961665 0.851095 0.950146 0.851095
2 0.963350 0.830410 0.976836 0.830410 0.976836 0.851491 0.963350 0.851491
6 0.566287 0.653313 0.576403 0.653313 0.576403 0.662945 0.566287 0.662945
