6 0.206113 0.574780 0.216851 0.574780 0.216851 0.596872 0.206113 0.596872
6 0.331731 0.529671 0.347677 0.529671 0.347677 0.544400 0.331731 0.544400
6 0.348654 0.509419 0.363949 0.509419 0.363949 0.523687 0.348654 0.523687
6 0.381847 0.475358 0.396817 0.475358 0.396817 0.491006 0.381847 0.491006
10 0.507720 0.120024 0.562393 0.120024 0.562393 0.138251 0.507720 0.138251
2 0.836345 0.716335 0.855091 0.716335 0.855091 0.746715 0.836345 0.746715
2 0.817600 0.716889 0.833222 0.716889 0.833222 0.746715 0.817600 0.746715
1 0.018793 0.921376 0.332304 0.921376 0.332304 0.960484 0.018793 0.960484
3 0.479803 0.536115 0.545216 0.536115 0.545216 0.551304 0.479803 0.551304
10 0.452523 0.618268 0.531170 0.618268 0.531170 0.633931 0.452523 0.633931
2 0.792606 0.715232 0.814476 0.715232 0.814476 0.745610 0.792606 0.745610
1 0.857435 0.713575 0.967561 0.713575 0.967561 0.745610 0.857435 0.745610
6 0.369547 0.358391 0.428126 0.358391 0.428126 0.373732 0.369547 0.373732
6 0.375512 0.391376 0.395038 0.391376 0.395038 0.407871 0.375512 0.407871
6 0.245682 0.098483 0.257004 0.098483 0.257004 0.175259 0.245682 0.175259
6 0.173433 0.207847 0.183976 0.207847 0.183976 0.229942 0.173433 0.229942
6 0.214047 0.227179 0.223809 0.227179 0.223809 0.268053 0.214047 0.268053
6 0.246850 0.245960 0.257785 0.245960 0.257785 0.303403 0.246850 0.303403
6 0.228406 0.358290 0.285093 0.358290 0.285093 0.373208 0.228406 0.373208
0 0.505673 0.745559 0.971977 0.745559 0.971977 0.961265 0.505673 0.961265
1 0.018793 0.892213 0.208119 0.892213 0.208119 0.922039 0.018793 0.922039
6 0.311502 0.640322 0.337265 0.640322 0.337265 0.656945 0.311502 0.656945
6 0.369808 0.639683 0.411618 0.639683 0.411618 0.656626 0.369808 0.656626
6 0.252324 0.565114 0.262738 0.565114 0.262738 0.576161 0.252324 0.576161
