2 0.212821 0.680687 0.242225 0.680687 0.242225 0.728728 0.212821 0.728728
6 0.276858 0.525479 0.291887 0.525479 0.291887 0.555041 0.276858 0.555041
6 0.244838 0.641884 0.260522 0.641884 0.260522 0.673293 0.244838 0.673293
6 0.308224 0.696392 0.344816 0.696392 0.344816 0.716717 0.308224 0.716717
6 0.370300 0.699162 0.396439 0.699162 0.396439 0.718564 0.370300 0.718564
2 0.703561 0.696392 0.802883 0.696392 0.802883 0.740735 0.703561 0.740735
1 0.822487 0.692695 0.985196 0.692695 0.985196 0.742585 0.822487 0.742585
0 0.506219 0.737042 0.985849 0.737042 0.985849 0.967083 0.506219 0.967083
10 0.363766 0.389672 0.408853 0.389672 0.408853 0.420157 0.363766 0.420157
12 0.498377 0.325000 0.549347 0.325000 0.549347 0.352715 0.498377 0.352715
10 0.507525 0.143003 0.582017 0.143003 0.582017 0.169795 0.507525 0.169795
10 0.508179 0.117134 0.562414 0.117134 0.562414 0.144850 0.508179 0.144850
10 0.490535 0.086645 0.562414 0.086645 0.562414 0.114360 0.490535 0.114360
3 0.480733 0.060780 0.534318 0.060780 0.534318 0.082951 0.480733 0.082951
2 0.189949 0.288047 0.220007 0.288047 0.220007 0.337011 0.189949 0.337011
6 0.224582 0.090342 0.269671 0.090342 0.269671 0.117134 0.224582 0.117134
6 0.371609 0.725031 0.397092 0.725031 0.397092 0.749053 0.371609 0.749053
6 0.499683 0.659436 0.517327 0.659436 0.517327 0.684381 0.499683 0.684381
6 0.221969 0.159631 0.244838 0.159631 0.244838 0.221529 0.221969 0.221529
6 0.188643 0.209518 0.204325 0.209518 0.204325 0.244627 0.188643 0.244627
6 0.227196 0.246474 0.242879 0.246474 0.242879 0.325923 0.227196 0.325923
6 0.253333 0.255711 0.269015 0.255711 0.269015 0.285274 0.253333 0.285274
6 0.306916 0.090342 0.348737 0.090342 0.348737 0.117134 0.306916 0.117134
6 0.355924 0.091265 0.414736 0.091265 0.414736 0.117134 0.355924 0.117134
6 0.490535 0.213215 0.506872 0.213215 0.506872 0.244627 0.490535 0.244627
6 0.356580 0.323153 0.419311 0.323153 0.419311 0.348098 0.356580 0.348098
6 0.236998 0.392442 0.310184 0.392442 0.310184 0.423854 0.236998 0.423854
6 0.199751 0.561508 0.214780 0.561508 0.214780 0.640961 0.199751 0.640961
6 0.222622 0.602158 0.239611 0.602158 0.239611 0.680687 0.222622 0.680687
2 0.357233 0.471895 0.397092 0.471895 0.397092 0.513468 0.357233 0.513468
2 0.381410 0.424778 0.415389 0.424778 0.415389 0.468198 0.381410 0.468198
2 0.212821 0.475588 0.246147 0.475588 0.246147 0.515315 0.212821 0.515315
10 0.222622 0.529172 0.240264 0.529172 0.240264 0.587377 0.222622 0.587377
2 0.248106 0.553194 0.280779 0.553194 0.280779 0.604928 0.248106 0.604928
3 0.406241 0.604928 0.457864 0.604928 0.457864 0.627103 0.406241 0.627103
1 0.012211 0.853447 0.468972 0.853447 0.468972 0.971700 0.012211 0.971700
