12 0.656536 0.294682 0.714468 0.294682 0.714468 0.338211 0.656536 0.338211
1 0.824344 0.700342 0.978471 0.700342 0.978471 0.743868 0.824344 0.743868
2 0.398188 0.360609 0.427358 0.360609 0.427358 0.403564 0.398188 0.403564
4 0.361323 0.490626 0.388466 0.490626 0.388466 0.588570 0.361323 0.588570
2 0.435460 0.534155 0.464630 0.534155 0.464630 0.578259 0.435460 0.578259
6 0.584545 0.243762 0.624652 0.243762 0.624652 0.268393 0.584545 0.268393
6 0.530665 0.566231 0.585762 0.566231 0.585762 0.589142 0.530665 0.589142
12 0.488532 0.498646 0.528638 0.498646 0.528638 0.524993 0.488532 0.524993
7 0.433029 0.604607 0.509192 0.604607 0.509192 0.629237 0.433029 0.629237
2 0.665975 0.513536 0.694335 0.513536 0.694335 0.551341 0.665975 0.551341
4 0.722286 0.403564 0.738493 0.403564 0.738493 0.475161 0.722286 0.475161
2 0.718365 0.701255 0.749966 0.701255 0.749966 0.744555 0.718365 0.744555
2 0.753367 0.703317 0.777189 0.703317 0.777189 0.742497 0.753367 0.742497
1 0.025946 0.903605 0.470772 0.903605 0.470772 0.959275 0.025946 0.959275
1 0.026287 0.860328 0.294342 0.860328 0.294342 0.903762 0.026287 0.903762
1 0.026623 0.805438 0.203191 0.805438 0.203191 0.859374 0.026623 0.859374
2 0.780106 0.704005 0.805385 0.704005 0.805385 0.743868 0.780106 0.743868
0 0.511826 0.742415 0.981768 0.742415 0.981768 0.960068 0.511826 0.960068
1 0.481621 0.338885 0.525958 0.338885 0.525958 0.361980 0.481621 0.361980
