7 0.338740 0.280024 0.413945 0.280024 0.413945 0.304422 0.338740 0.304422
2 0.763691 0.703205 0.788108 0.703205 0.788108 0.742329 0.763691 0.742329
2 0.727337 0.702438 0.760435 0.702438 0.760435 0.742715 0.727337 0.742715
1 0.827937 0.703591 0.981575 0.703591 0.981575 0.744364 0.827937 0.744364
4 0.310890 0.357818 0.335738 0.357818 0.335738 0.467182 0.310890 0.467182
4 0.416967 0.360636 0.433246 0.360636 0.433246 0.433133 0.416967 0.433133
1 0.550992 0.364090 0.611763 0.364090 0.611763 0.382883 0.550992 0.382883
4 0.670907 0.476091 0.684199 0.476091 0.684199 0.517904 0.670907 0.517904
4 0.288582 0.502011 0.312025 0.502011 0.312025 0.621320 0.288582 0.621320
4 0.202492 0.397996 0.230815 0.397996 0.230815 0.417329 0.202492 0.417329
4 0.021751 0.399497 0.084649 0.399497 0.084649 0.424354 0.021751 0.424354
0 0.511289 0.742753 0.981543 0.742753 0.981543 0.960687 0.511289 0.960687
7 0.314497 0.699111 0.389381 0.699111 0.389381 0.723649 0.314497 0.723649
6 0.521035 0.584863 0.544867 0.584863 0.544867 0.606960 0.521035 0.606960
6 0.377658 0.543991 0.396800 0.543991 0.396800 0.563875 0.377658 0.563875
6 0.412818 0.545646 0.424538 0.545646 0.424538 0.563324 0.412818 0.563324
6 0.421413 0.583208 0.444852 0.583208 0.444852 0.607510 0.421413 0.607510
6 0.478841 0.632917 0.509315 0.632917 0.509315 0.656118 0.478841 0.656118
1 0.026275 0.893105 0.469770 0.893105 0.469770 0.946792 0.026275 0.946792
1 0.295842 0.835441 0.471647 0.835441 0.471647 0.889128 0.295842 0.889128
1 0.026744 0.846047 0.294903 0.846047 0.294903 0.891118 0.026744 0.891118
2 0.790822 0.702438 0.816597 0.702438 0.816597 0.741180 0.790822 0.741180
