6 0.396060 0.373027 0.416921 0.373027 0.416921 0.396375 0.396060 0.396375
6 0.439521 0.373027 0.465164 0.373027 0.465164 0.395147 0.439521 0.395147
2 0.717736 0.701727 0.752506 0.701727 0.752506 0.739620 0.717736 0.739620
2 0.336969 0.563724 0.368844 0.563724 0.368844 0.607199 0.336969 0.607199
10 0.506834 0.186443 0.665796 0.186443 0.665796 0.212989 0.506834 0.212989
1 0.025769 0.836748 0.476398 0.836748 0.476398 0.942049 0.025769 0.942049
0 0.508846 0.739877 0.985389 0.739877 0.985389 0.963646 0.508846 0.963646
1 0.819124 0.694559 0.976679 0.694559 0.976679 0.740133 0.819124 0.740133
2 0.780368 0.699679 0.806084 0.699679 0.806084 0.741669 0.780368 0.741669
2 0.753203 0.701214 0.780007 0.701214 0.780007 0.741669 0.753203 0.741669
4 0.558612 0.215103 0.628152 0.215103 0.628152 0.245824 0.558612 0.245824
2 0.346749 0.470475 0.380070 0.470475 0.380070 0.512514 0.346749 0.512514
6 0.442005 0.630243 0.463377 0.630243 0.463377 0.652312 0.442005 0.652312
6 0.304011 0.569867 0.321033 0.569867 0.321033 0.686057 0.304011 0.686057
6 0.301744 0.274706 0.319129 0.274706 0.319129 0.307274 0.301744 0.307274
6 0.336079 0.349060 0.354332 0.349060 0.354332 0.403752 0.336079 0.403752
