6 0.428798 0.427486 0.455660 0.427486 0.455660 0.450527 0.428798 0.450527
6 0.409180 0.468023 0.453549 0.468023 0.453549 0.489360 0.409180 0.489360
6 0.599030 0.469306 0.615931 0.469306 0.615931 0.490215 0.599030 0.490215
6 0.283058 0.502845 0.301294 0.502845 0.301294 0.522698 0.283058 0.522698
6 0.207254 0.605551 0.221597 0.605551 0.221597 0.638116 0.207254 0.638116
6 0.283014 0.733834 0.300220 0.733834 0.300220 0.755171 0.283014 0.755171
2 0.667644 0.207151 0.697211 0.207151 0.697211 0.253813 0.667644 0.253813
6 0.655552 0.634555 0.670643 0.634555 0.670643 0.687897 0.655552 0.687897
6 0.699318 0.547076 0.715668 0.547076 0.715668 0.608242 0.699318 0.608242
6 0.028452 0.467086 0.041734 0.467086 0.041734 0.519573 0.028452 0.519573
6 0.100590 0.465380 0.120208 0.465380 0.120208 0.485434 0.100590 0.485434
2 0.692685 0.325575 0.718885 0.325575 0.718885 0.364986 0.692685 0.364986
6 0.108437 0.745739 0.128358 0.745739 0.128358 0.766652 0.108437 0.766652
1 0.825943 0.698759 0.981688 0.698759 0.981688 0.743991 0.825943 0.743991
2 0.771821 0.701163 0.796449 0.701163 0.796449 0.738034 0.771821 0.738034
2 0.745743 0.699627 0.769647 0.699627 0.769647 0.739569 0.745743 0.739569
2 0.709523 0.699114 0.740663 0.699114 0.740663 0.739569 0.709523 0.739569
12 0.653788 0.339142 0.693948 0.339142 0.693948 0.363475 0.653788 0.363475
2 0.542044 0.139979 0.573193 0.139979 0.573193 0.192722 0.542044 0.192722
2 0.580438 0.305380 0.610861 0.305380 0.610861 0.345321 0.580438 0.345321
10 0.421072 0.285920 0.461638 0.285920 0.461638 0.309477 0.421072 0.309477
2 0.216432 0.279265 0.244683 0.279265 0.244683 0.318694 0.216432 0.318694
2 0.142545 0.733365 0.170614 0.733365 0.170614 0.774330 0.142545 0.774330
2 0.200709 0.174631 0.229915 0.174631 0.229915 0.214449 0.200709 0.214449
2 0.055015 0.473912 0.083387 0.473912 0.083387 0.513174 0.055015 0.513174
3 0.159144 0.532801 0.180573 0.532801 0.180573 0.552432 0.159144 0.552432
2 0.065578 0.720988 0.094855 0.720988 0.094855 0.761529 0.065578 0.761529
3 0.679323 0.458010 0.733774 0.458010 0.733774 0.480133 0.679323 0.480133
2 0.701330 0.500137 0.727992 0.500137 0.727992 0.538543 0.701330 0.538543
2 0.694538 0.621754 0.722709 0.621754 0.722709 0.659449 0.694538 0.659449
2 0.308972 0.727859 0.338853 0.727859 0.338853 0.769254 0.308972 0.769254
1 0.019676 0.868218 0.465610 0.868218 0.465610 0.961132 0.019676 0.961132
2 0.245890 0.717620 0.274565 0.717620 0.274565 0.761146 0.245890 0.761146
0 0.509419 0.740650 0.982995 0.740650 0.982995 0.961132 0.509419 0.961132
2 0.648391 0.241176 0.675208 0.241176 0.675208 0.282004 0.648391 0.282004
2 0.658943 0.155958 0.688824 0.155958 0.688824 0.197350 0.658943 0.197350
6 0.234611 0.117114 0.250256 0.117114 0.250256 0.196016 0.234611 0.196016
6 0.189993 0.218328 0.206289 0.218328 0.206289 0.278752 0.189993 0.278752
6 0.234903 0.247004 0.247944 0.247004 0.247944 0.276703 0.234903 0.276703
6 0.304446 0.321255 0.359499 0.321255 0.359499 0.341737 0.304446 0.341737
6 0.456205 0.319207 0.511621 0.319207 0.511621 0.342763 0.456205 0.342763
6 0.407876 0.109107 0.435796 0.109107 0.435796 0.130800 0.407876 0.130800
6 0.595559 0.110722 0.615479 0.110722 0.615479 0.129925 0.595559 0.129925
6 0.694107 0.270592 0.709654 0.270592 0.709654 0.310845 0.694107 0.310845
6 0.693152 0.088567 0.709451 0.088567 0.709451 0.193030 0.693152 0.193030
