4 0.151991 0.588105 0.200585 0.588105 0.200585 0.610722 0.151991 0.610722
0 0.509949 0.740937 0.981456 0.740937 0.981456 0.960315 0.509949 0.960315
4 0.162254 0.435335 0.238616 0.435335 0.238616 0.456672 0.162254 0.456672
1 0.020249 0.903687 0.465138 0.903687 0.465138 0.961943 0.020249 0.961943
6 0.345806 0.226101 0.363539 0.226101 0.363539 0.259282 0.345806 0.259282
6 0.309819 0.189231 0.324422 0.189231 0.324422 0.228314 0.309819 0.228314
6 0.439482 0.342052 0.460007 0.342052 0.460007 0.361255 0.439482 0.361255
6 0.391183 0.298365 0.413609 0.298365 0.413609 0.323437 0.391183 0.323437
1 0.609942 0.700120 0.766410 0.700120 0.766410 0.743133 0.609942 0.743133
2 0.545181 0.703806 0.567346 0.703806 0.567346 0.743133 0.545181 0.743133
6 0.438123 0.299101 0.460549 0.299101 0.460549 0.324172 0.438123 0.324172
6 0.312305 0.398464 0.326212 0.398464 0.326212 0.480807 0.312305 0.480807
6 0.175837 0.501908 0.189719 0.501908 0.189719 0.528789 0.175837 0.528789
2 0.339729 0.560369 0.370213 0.560369 0.370213 0.602189 0.339729 0.602189
2 0.354463 0.455000 0.384453 0.455000 0.384453 0.496785 0.354463 0.496785
12 0.517400 0.300578 0.562775 0.300578 0.562775 0.349983 0.517400 0.349983
1 0.020769 0.860920 0.288331 0.860920 0.288331 0.906638 0.020769 0.906638
2 0.506500 0.702579 0.540399 0.702579 0.540399 0.742521 0.506500 0.742521
1 0.298239 0.845434 0.495389 0.845434 0.495389 0.894101 0.298239 0.894101
2 0.571258 0.701963 0.597337 0.701963 0.597337 0.743133 0.571258 0.743133
