6 0.419056 0.423246 0.428409 0.423246 0.428409 0.436476 0.419056 0.436476
6 0.454960 0.616555 0.469743 0.616555 0.469743 0.631064 0.454960 0.631064
6 0.572023 0.618261 0.588618 0.618261 0.588618 0.631064 0.572023 0.631064
6 0.534310 0.677576 0.556939 0.677576 0.556939 0.694647 0.534310 0.694647
6 0.636892 0.563212 0.651373 0.563212 0.651373 0.578149 0.636892 0.578149
1 0.644929 0.772883 0.760787 0.772883 0.760787 0.805145 0.644929 0.805145
1 0.018873 0.846877 0.349205 0.846877 0.349205 0.963679 0.018873 0.963679
7 0.742793 0.566628 0.799815 0.566628 0.799815 0.595218 0.742793 0.595218
2 0.713828 0.465065 0.736155 0.465065 0.736155 0.491524 0.713828 0.491524
12 0.692406 0.431355 0.731026 0.431355 0.731026 0.446289 0.692406 0.446289
2 0.785044 0.776981 0.852023 0.776981 0.852023 0.807184 0.785044 0.807184
6 0.057970 0.499282 0.083804 0.499282 0.083804 0.542808 0.057970 0.542808
4 0.189757 0.417349 0.209670 0.417349 0.209670 0.437833 0.189757 0.437833
4 0.207498 0.449098 0.220893 0.449098 0.220893 0.468556 0.207498 0.468556
4 0.206773 0.523348 0.272666 0.523348 0.272666 0.552025 0.206773 0.552025
6 0.124950 0.611938 0.156448 0.611938 0.156448 0.649976 0.124950 0.649976
7 0.410910 0.369478 0.470046 0.369478 0.470046 0.390387 0.410910 0.390387
2 0.502027 0.405750 0.525863 0.405750 0.525863 0.436476 0.502027 0.436476
4 0.716845 0.495363 0.731026 0.495363 0.731026 0.545718 0.716845 0.545718
2 0.465218 0.409591 0.489054 0.409591 0.489054 0.439035 0.465218 0.439035
0 0.643120 0.805145 0.980190 0.805145 0.980190 0.962351 0.643120 0.962351
3 0.826499 0.401536 0.841271 0.401536 0.841271 0.423657 0.826499 0.423657
6 0.505647 0.364785 0.545473 0.364785 0.545473 0.378866 0.505647 0.378866
6 0.430528 0.401909 0.437460 0.401909 0.437460 0.414284 0.430528 0.414284
