6 0.885876 0.408205 0.899277 0.408205 0.899277 0.436368 0.885876 0.436368
6 0.214257 0.539586 0.230556 0.539586 0.230556 0.620667 0.214257 0.620667
6 0.215919 0.217490 0.229502 0.217490 0.229502 0.249497 0.215919 0.249497
6 0.263307 0.250776 0.278096 0.250776 0.278096 0.282353 0.263307 0.282353
6 0.436321 0.413683 0.459862 0.413683 0.459862 0.439289 0.436321 0.439289
1 0.020718 0.905530 0.460392 0.905530 0.460392 0.957886 0.020718 0.957886
1 0.308307 0.854873 0.503578 0.854873 0.503578 0.900886 0.308307 0.900886
1 0.018527 0.861953 0.288278 0.861953 0.288278 0.905311 0.018527 0.905311
0 0.511062 0.743071 0.981132 0.743071 0.981132 0.960294 0.511062 0.960294
1 0.610593 0.699443 0.757066 0.699443 0.757066 0.744915 0.610593 0.744915
2 0.572015 0.702384 0.597371 0.702384 0.597371 0.742069 0.572015 0.742069
2 0.544852 0.702384 0.568394 0.702384 0.568394 0.742924 0.544852 0.742924
2 0.509538 0.701532 0.540022 0.701532 0.540022 0.743779 0.509538 0.743779
4 0.854727 0.492698 0.903261 0.492698 0.903261 0.515229 0.854727 0.515229
4 0.853278 0.343683 0.926805 0.343683 0.926805 0.366214 0.853278 0.366214
2 0.263449 0.648830 0.292433 0.648830 0.292433 0.688098 0.263449 0.688098
2 0.240215 0.476005 0.270097 0.476005 0.270097 0.515691 0.240215 0.515691
12 0.582646 0.350188 0.625024 0.350188 0.625024 0.399347 0.582646 0.399347
6 0.435232 0.351724 0.455878 0.351724 0.455878 0.373741 0.435232 0.373741
6 0.337784 0.349702 0.362821 0.349702 0.362821 0.376248 0.337784 0.376248
