10 0.473654 0.808384 0.529960 0.808384 0.529960 0.828534 0.473654 0.828534
6 0.278657 0.807257 0.284309 0.807257 0.284309 0.816147 0.278657 0.816147
6 0.296868 0.806665 0.303775 0.806665 0.303775 0.814962 0.296868 0.814962
6 0.351080 0.826520 0.358825 0.826520 0.358825 0.836299 0.351080 0.836299
6 0.256239 0.888307 0.268798 0.888307 0.268798 0.899863 0.256239 0.899863
6 0.351294 0.622205 0.358577 0.622205 0.358577 0.631806 0.351294 0.631806
10 0.423602 0.237763 0.466805 0.237763 0.466805 0.252343 0.423602 0.252343
2 0.130554 0.409885 0.144727 0.409885 0.144727 0.430465 0.130554 0.430465
2 0.105965 0.418117 0.121107 0.418117 0.121107 0.438868 0.105965 0.438868
2 0.122317 0.472138 0.137338 0.472138 0.137338 0.491688 0.122317 0.491688
2 0.495025 0.418161 0.509886 0.418161 0.509886 0.438905 0.495025 0.438905
2 0.533329 0.389121 0.547981 0.389121 0.547981 0.408976 0.533329 0.408976
6 0.239304 0.707535 0.247141 0.707535 0.247141 0.717351 0.239304 0.717351
6 0.314868 0.708279 0.323241 0.708279 0.323241 0.717169 0.314868 0.717169
6 0.177977 0.828001 0.183210 0.828001 0.183210 0.836891 0.177977 0.836891
6 0.226957 0.806665 0.232189 0.806665 0.232189 0.815259 0.226957 0.815259
6 0.242655 0.807257 0.247678 0.807257 0.247678 0.815555 0.242655 0.815555
6 0.261493 0.806961 0.265889 0.806961 0.265889 0.815259 0.261493 0.815259
6 0.076556 0.189926 0.084594 0.189926 0.084594 0.214108 0.076556 0.214108
6 0.110465 0.197749 0.118251 0.197749 0.118251 0.216241 0.110465 0.216241
6 0.195940 0.037370 0.219802 0.037370 0.219802 0.049817 0.195940 0.049817
6 0.253892 0.370761 0.271073 0.370761 0.271073 0.380576 0.253892 0.380576
6 0.074955 0.443155 0.082707 0.443155 0.082707 0.457561 0.074955 0.457561
6 0.088280 0.476939 0.096274 0.476939 0.096274 0.515011 0.088280 0.515011
6 0.511980 0.366598 0.547772 0.366598 0.547772 0.377267 0.511980 0.377267
6 0.480582 0.406901 0.488537 0.406901 0.488537 0.415199 0.480582 0.415199
6 0.481991 0.478964 0.489017 0.478964 0.489017 0.517720 0.481991 0.517720
10 0.490609 0.658139 0.510494 0.658139 0.510494 0.671178 0.490609 0.671178
10 0.476585 0.737262 0.528913 0.737262 0.528913 0.758598 0.476585 0.758598
0 0.745082 0.851491 0.979814 0.851491 0.979814 0.959880 0.745082 0.959880
1 0.901708 0.828192 0.973897 0.828192 0.973897 0.850520 0.901708 0.850520
2 0.852771 0.831184 0.867729 0.831184 0.867729 0.850520 0.852771 0.850520
2 0.869842 0.830494 0.882036 0.830494 0.882036 0.851209 0.869842 0.851209
2 0.883173 0.830723 0.896018 0.830723 0.896018 0.850980 0.883173 0.850980
6 0.524750 0.501599 0.534683 0.501599 0.534683 0.511375 0.524750 0.511375
6 0.593674 0.501599 0.602880 0.501599 0.602880 0.511546 0.593674 0.511546
6 0.594037 0.523894 0.607846 0.523894 0.607846 0.535042 0.594037 0.535042
6 0.084217 0.726042 0.093511 0.726042 0.093511 0.749157 0.084217 0.749157
6 0.177730 0.622205 0.184009 0.622205 0.184009 0.631450 0.177730 0.631450
6 0.216662 0.627895 0.222189 0.627895 0.222189 0.636073 0.216662 0.636073
6 0.240022 0.628250 0.244795 0.628250 0.244795 0.637496 0.240022 0.637496
6 0.264135 0.627539 0.272423 0.627539 0.272423 0.637496 0.264135 0.637496
6 0.287746 0.628606 0.292266 0.628606 0.292266 0.637140 0.287746 0.637140
6 0.312360 0.626116 0.321404 0.626116 0.321404 0.637496 0.312360 0.637496
1 0.018941 0.932081 0.240780 0.932081 0.240780 0.959819 0.018941 0.959819
8 0.408668 0.627866 0.531644 0.627866 0.531644 0.831416 0.408668 0.831416
10 0.401779 0.223496 0.474621 0.223496 0.474621 0.236653 0.401779 0.236653
