1 0.677114 0.572473 0.741268 0.572473 0.741268 0.601231 0.677114 0.601231
6 0.623394 0.348307 0.645822 0.348307 0.645822 0.372640 0.623394 0.372640
6 0.599403 0.397712 0.620786 0.397712 0.620786 0.418358 0.599403 0.418358
4 0.487211 0.452568 0.508991 0.452568 0.508991 0.498228 0.487211 0.498228
4 0.151495 0.379302 0.185290 0.379302 0.185290 0.406908 0.151495 0.406908
10 0.255890 0.364436 0.415111 0.364436 0.415111 0.430270 0.255890 0.430270
1 0.016560 0.840999 0.477284 0.840999 0.477284 0.966382 0.016560 0.966382
2 0.726142 0.702992 0.820544 0.702992 0.820544 0.742073 0.726142 0.742073
1 0.825239 0.700041 0.983793 0.700041 0.983793 0.748711 0.825239 0.748711
0 0.507608 0.735438 0.984313 0.735438 0.984313 0.969189 0.507608 0.969189
