6 0.599041 0.192557 0.613193 0.192557 0.613193 0.210264 0.599041 0.210264
2 0.353041 0.239238 0.377989 0.239238 0.377989 0.272600 0.353041 0.272600
2 0.385700 0.232179 0.407927 0.232179 0.407927 0.263616 0.385700 0.263616
2 0.256658 0.458166 0.280609 0.458166 0.280609 0.494352 0.256658 0.494352
4 0.240328 0.535155 0.282786 0.535155 0.282786 0.552092 0.240328 0.552092
10 0.655651 0.240290 0.693208 0.240290 0.693208 0.259538 0.655651 0.259538
10 0.660549 0.288024 0.697019 0.288024 0.697019 0.309579 0.660549 0.309579
2 0.643983 0.775910 0.713385 0.775910 0.713385 0.806703 0.643983 0.806703
1 0.716107 0.774625 0.832230 0.774625 0.832230 0.806062 0.716107 0.806062
0 0.639448 0.804780 0.983282 0.804780 0.983282 0.964528 0.639448 0.964528
1 0.017780 0.914937 0.342562 0.914937 0.342562 0.964978 0.017780 0.964978
6 0.302237 0.151986 0.319926 0.151986 0.319926 0.171872 0.302237 0.171872
6 0.370730 0.151343 0.390236 0.151343 0.390236 0.171872 0.370730 0.171872
6 0.341247 0.203309 0.354855 0.203309 0.354855 0.218067 0.341247 0.218067
6 0.363474 0.200745 0.404298 0.200745 0.404298 0.217424 0.363474 0.217424
6 0.536443 0.406584 0.549506 0.406584 0.549506 0.431222 0.536443 0.431222
6 0.505416 0.362702 0.517936 0.362702 0.517936 0.388108 0.505416 0.388108
6 0.534265 0.227201 0.550051 0.227201 0.550051 0.288024 0.534265 0.288024
6 0.369879 0.729935 0.394917 0.729935 0.394917 0.752262 0.369879 0.752262
6 0.370422 0.694519 0.394373 0.694519 0.394373 0.714536 0.370422 0.714536
6 0.253937 0.693749 0.286051 0.693749 0.286051 0.713766 0.253937 0.713766
6 0.247404 0.628309 0.263190 0.628309 0.263190 0.652177 0.247404 0.652177
6 0.218555 0.612912 0.234341 0.612912 0.234341 0.637550 0.218555 0.637550
6 0.416998 0.200102 0.430154 0.200102 0.430154 0.215501 0.416998 0.215501
6 0.226176 0.341913 0.238695 0.341913 0.238695 0.366551 0.226176 0.366551
6 0.226720 0.428911 0.239785 0.428911 0.239785 0.454318 0.226720 0.454318
6 0.173920 0.362702 0.184808 0.362702 0.184808 0.386567 0.173920 0.386567
