6 0.325499 0.164652 0.340886 0.164652 0.340886 0.183428 0.325499 0.183428
6 0.637382 0.571026 0.648194 0.571026 0.648194 0.590230 0.637382 0.590230
6 0.576537 0.657794 0.588858 0.657794 0.588858 0.672375 0.576537 0.672375
6 0.584330 0.690510 0.598411 0.690510 0.598411 0.705445 0.584330 0.705445
6 0.393475 0.655757 0.409785 0.655757 0.409785 0.674323 0.393475 0.674323
6 0.353699 0.692888 0.381941 0.692888 0.381941 0.711451 0.353699 0.711451
2 0.688883 0.776572 0.705902 0.776572 0.705902 0.804739 0.688883 0.804739
12 0.279639 0.195803 0.308302 0.195803 0.308302 0.227380 0.279639 0.227380
10 0.363515 0.209458 0.413598 0.209458 0.413598 0.226101 0.363515 0.226101
3 0.366532 0.252983 0.380711 0.252983 0.380711 0.267920 0.366532 0.267920
10 0.517452 0.424161 0.565977 0.424161 0.565977 0.440518 0.517452 0.440518
4 0.528264 0.458297 0.562206 0.458297 0.562206 0.474657 0.528264 0.474657
2 0.553405 0.633614 0.575280 0.633614 0.575280 0.662061 0.553405 0.662061
12 0.611485 0.657438 0.643415 0.657438 0.643415 0.691222 0.611485 0.691222
2 0.644715 0.775036 0.666800 0.775036 0.666800 0.805762 0.644715 0.805762
2 0.669696 0.777092 0.687070 0.777092 0.687070 0.807298 0.669696 0.807298
1 0.720022 0.775549 0.829723 0.775549 0.829723 0.806275 0.720022 0.806275
0 0.645801 0.806785 0.978890 0.806785 0.978890 0.959896 0.645801 0.959896
1 0.021796 0.888841 0.212524 0.888841 0.212524 0.921410 0.021796 0.921410
1 0.024402 0.920179 0.337216 0.920179 0.337216 0.960738 0.024402 0.960738
2 0.366357 0.623157 0.385538 0.623157 0.385538 0.650288 0.366357 0.650288
6 0.614753 0.557869 0.625314 0.557869 0.625314 0.576359 0.614753 0.576359
6 0.637382 0.484969 0.648445 0.484969 0.648445 0.543643 0.637382 0.543643
6 0.538069 0.539376 0.549383 0.539376 0.549383 0.562492 0.538069 0.562492
6 0.457864 0.492791 0.467669 0.492791 0.467669 0.514485 0.457864 0.514485
6 0.245847 0.434344 0.257915 0.434344 0.257915 0.457388 0.245847 0.457388
6 0.214166 0.410019 0.226537 0.410019 0.226537 0.440319 0.214166 0.440319
6 0.274510 0.310164 0.285069 0.310164 0.285069 0.333210 0.274510 0.333210
6 0.247053 0.276028 0.258820 0.276028 0.258820 0.333210 0.247053 0.333210
