1 0.537289 0.916430 0.576762 0.916430 0.576762 0.936698 0.537289 0.936698
6 0.519312 0.109695 0.527106 0.109695 0.527106 0.122496 0.519312 0.122496
6 0.493667 0.111118 0.500958 0.111118 0.500958 0.123208 0.493667 0.123208
6 0.469283 0.109695 0.475312 0.109695 0.475312 0.122141 0.469283 0.122141
6 0.426285 0.109340 0.433828 0.109340 0.433828 0.122496 0.426285 0.122496
6 0.401142 0.111473 0.406422 0.111473 0.406422 0.123208 0.401142 0.123208
6 0.376000 0.109340 0.382034 0.109340 0.382034 0.122852 0.376000 0.122852
3 0.603102 0.163670 0.636894 0.163670 0.636894 0.179458 0.603102 0.179458
10 0.603102 0.096246 0.646851 0.096246 0.646851 0.112888 0.603102 0.112888
6 0.424650 0.904693 0.462868 0.904693 0.462868 0.918208 0.424650 0.918208
6 0.372353 0.903982 0.387943 0.903982 0.387943 0.919985 0.372353 0.919985
6 0.302495 0.835685 0.311832 0.835685 0.311832 0.853694 0.302495 0.853694
6 0.277397 0.824025 0.287096 0.824025 0.287096 0.842716 0.277397 0.842716
6 0.381556 0.782329 0.395887 0.782329 0.395887 0.797620 0.381556 0.797620
6 0.435613 0.760636 0.450949 0.760636 0.450949 0.778062 0.435613 0.778062
6 0.434175 0.696437 0.454500 0.696437 0.454500 0.711848 0.434175 0.711848
6 0.411154 0.662380 0.447359 0.662380 0.447359 0.678766 0.411154 0.678766
6 0.302008 0.599852 0.312340 0.599852 0.312340 0.621047 0.302008 0.621047
6 0.278019 0.537279 0.287322 0.537279 0.287322 0.558972 0.278019 0.558972
6 0.376653 0.464095 0.387214 0.464095 0.387214 0.483653 0.376653 0.483653
6 0.376687 0.428002 0.386101 0.428002 0.386101 0.449511 0.376687 0.449511
8 0.545777 0.076190 0.648962 0.076190 0.648962 0.197808 0.545777 0.197808
6 0.314171 0.114889 0.324594 0.114889 0.324594 0.144388 0.314171 0.144388
6 0.415861 0.165162 0.474688 0.165162 0.474688 0.180987 0.415861 0.180987
6 0.240869 0.431442 0.253841 0.431442 0.253841 0.497586 0.240869 0.497586
6 0.315138 0.391134 0.325274 0.391134 0.325274 0.450535 0.315138 0.450535
0 0.645076 0.805024 0.980482 0.805024 0.980482 0.961720 0.645076 0.961720
1 0.715023 0.775750 0.825398 0.775750 0.825398 0.807400 0.715023 0.807400
2 0.688875 0.780017 0.707479 0.780017 0.707479 0.806688 0.688875 0.806688
2 0.670017 0.780017 0.687115 0.780017 0.687115 0.807400 0.670017 0.807400
2 0.645880 0.778950 0.666246 0.778950 0.666246 0.807400 0.645880 0.807400
10 0.501839 0.399267 0.549861 0.399267 0.549861 0.414202 0.501839 0.414202
3 0.501587 0.434828 0.534775 0.434828 0.534775 0.450474 0.501587 0.450474
10 0.539552 0.896514 0.594112 0.896514 0.594112 0.913229 0.539552 0.913229
2 0.308149 0.262883 0.328365 0.262883 0.328365 0.291476 0.308149 0.291476
2 0.310865 0.638824 0.330778 0.638824 0.330778 0.666988 0.310865 0.666988
1 0.022160 0.917465 0.339666 0.917465 0.339666 0.960970 0.022160 0.960970
4 0.557404 0.848152 0.596626 0.848152 0.596626 0.863442 0.557404 0.863442
1 0.547848 0.868420 0.586821 0.868420 0.586821 0.885135 0.547848 0.885135
