6 0.089913 0.055513 0.111471 0.055513 0.111471 0.123878 0.089913 0.123878
1 0.014891 0.830906 0.483413 0.830906 0.483413 0.968560 0.014891 0.968560
0 0.508244 0.737596 0.987228 0.737596 0.987228 0.974104 0.508244 0.974104
1 0.818633 0.691402 0.976766 0.691402 0.976766 0.741289 0.818633 0.741289
2 0.716693 0.698793 0.811444 0.698793 0.811444 0.743140 0.716693 0.743140
3 0.889204 0.373594 0.958471 0.373594 0.958471 0.421638 0.889204 0.421638
3 0.578391 0.260852 0.654608 0.260852 0.654608 0.310363 0.578391 0.310363
10 0.516935 0.572127 0.598616 0.572127 0.598616 0.623454 0.516935 0.623454
10 0.435331 0.706053 0.523157 0.706053 0.523157 0.756498 0.435331 0.756498
2 0.088599 0.415817 0.116045 0.415817 0.116045 0.462934 0.088599 0.462934
2 0.129768 0.104477 0.157211 0.104477 0.157211 0.154364 0.129768 0.154364
10 0.464985 0.072141 0.585220 0.072141 0.585220 0.103553 0.464985 0.103553
6 0.305544 0.062904 0.338217 0.062904 0.338217 0.083228 0.305544 0.083228
6 0.061807 0.238437 0.086640 0.238437 0.086640 0.359460 0.061807 0.359460
6 0.029136 0.268923 0.049393 0.268923 0.049393 0.306802 0.029136 0.306802
6 0.088599 0.373317 0.105590 0.373317 0.105590 0.401033 0.088599 0.401033
6 0.149371 0.450000 0.174202 0.450000 0.174202 0.474018 0.149371 0.474018
6 0.270912 0.451847 0.360433 0.451847 0.360433 0.480486 0.270912 0.480486
6 0.400948 0.454617 0.476093 0.454617 0.476093 0.475865 0.400948 0.475865
6 0.303585 0.503584 0.338217 0.503584 0.338217 0.528526 0.303585 0.528526
6 0.707545 0.335718 0.755247 0.335718 0.755247 0.370824 0.707545 0.370824
6 0.679448 0.367131 0.721916 0.367131 0.721916 0.393919 0.679448 0.393919
6 0.810791 0.356043 0.829729 0.356043 0.829729 0.384682 0.810791 0.384682
6 0.686635 0.526033 0.736952 0.526033 0.736952 0.562062 0.686635 0.562062
6 0.153827 0.723793 0.213420 0.723793 0.213420 0.749292 0.153827 0.749292
6 0.305948 0.724901 0.330259 0.724901 0.330259 0.750400 0.305948 0.750400
6 0.589272 0.345879 0.607569 0.345879 0.607569 0.398540 0.589272 0.398540
6 0.304891 0.541460 0.337564 0.541460 0.337564 0.561785 0.304891 0.561785
6 0.170281 0.564555 0.221904 0.564555 0.221904 0.586731 0.170281 0.586731
6 0.072264 0.631997 0.084025 0.631997 0.084025 0.666180 0.072264 0.666180
6 0.089528 0.700513 0.111483 0.700513 0.111483 0.808047 0.089528 0.808047
