1 0.016812 0.844891 0.474952 0.844891 0.474952 0.961696 0.016812 0.961696
2 0.947446 0.701614 0.974985 0.701614 0.974985 0.743205 0.947446 0.743205
1 0.230462 0.263276 0.292182 0.263276 0.292182 0.283557 0.230462 0.283557
4 0.221771 0.370814 0.236113 0.370814 0.236113 0.417514 0.221771 0.417514
12 0.248718 0.445168 0.289139 0.445168 0.289139 0.490024 0.248718 0.490024
7 0.170048 0.504159 0.249153 0.504159 0.249153 0.532425 0.170048 0.532425
4 0.698149 0.296180 0.715656 0.296180 0.715656 0.367445 0.698149 0.367445
2 0.659819 0.343119 0.690000 0.343119 0.690000 0.381953 0.659819 0.381953
2 0.654386 0.413957 0.686984 0.413957 0.686984 0.454070 0.654386 0.454070
4 0.857925 0.319306 0.890261 0.319306 0.890261 0.343642 0.857925 0.343642
7 0.493420 0.611064 0.570387 0.611064 0.570387 0.637948 0.493420 0.637948
6 0.639294 0.531310 0.658309 0.531310 0.658309 0.557339 0.639294 0.557339
1 0.722373 0.696628 0.880926 0.696628 0.880926 0.746033 0.722373 0.746033
4 0.860012 0.421067 0.896522 0.421067 0.896522 0.445400 0.860012 0.445400
6 0.372153 0.476505 0.391277 0.476505 0.391277 0.497397 0.372153 0.497397
6 0.532100 0.475893 0.552525 0.475893 0.552525 0.496785 0.532100 0.496785
6 0.439635 0.523670 0.466497 0.523670 0.466497 0.542445 0.439635 0.542445
2 0.887707 0.699579 0.920044 0.699579 0.920044 0.742346 0.887707 0.742346
2 0.920566 0.702527 0.946642 0.702527 0.946642 0.743085 0.920566 0.743085
0 0.509499 0.738707 0.986413 0.738707 0.986413 0.962756 0.509499 0.962756
