2 0.505148 0.338916 0.530791 0.338916 0.530791 0.372715 0.505148 0.372715
2 0.499064 0.410814 0.521664 0.410814 0.521664 0.445838 0.499064 0.445838
7 0.401270 0.539241 0.481243 0.539241 0.481243 0.579183 0.401270 0.579183
2 0.555566 0.462428 0.578166 0.462428 0.578166 0.488854 0.555566 0.488854
6 0.552088 0.488854 0.570343 0.488854 0.570343 0.509131 0.552088 0.509131
6 0.557738 0.528796 0.575994 0.528796 0.575994 0.547845 0.557738 0.547845
1 0.827712 0.708331 0.981050 0.708331 0.981050 0.741956 0.827712 0.741956
4 0.303055 0.343092 0.333096 0.343092 0.333096 0.367514 0.303055 0.367514
4 0.137825 0.330349 0.169369 0.330349 0.169369 0.362206 0.137825 0.362206
10 0.466896 0.274302 0.489427 0.274302 0.489427 0.345978 0.466896 0.345978
2 0.729448 0.701252 0.823955 0.701252 0.823955 0.741956 0.729448 0.741956
1 0.014078 0.823362 0.476597 0.823362 0.476597 0.957863 0.014078 0.957863
10 0.430031 0.273417 0.453815 0.273417 0.453815 0.355711 0.430031 0.355711
0 0.506638 0.737531 0.989811 0.737531 0.989811 0.969367 0.506638 0.969367
