6 0.119968 0.571144 0.131230 0.571144 0.131230 0.587956 0.119968 0.587956
6 0.444669 0.461420 0.452801 0.461420 0.452801 0.480002 0.444669 0.480002
6 0.388362 0.462305 0.404004 0.462305 0.404004 0.487966 0.388362 0.487966
6 0.386485 0.571144 0.405880 0.571144 0.405880 0.593266 0.386485 0.593266
6 0.333308 0.571144 0.345194 0.571144 0.345194 0.587956 0.333308 0.587956
9 0.005478 0.007482 0.275750 0.007482 0.275750 0.068539 0.005478 0.068539
6 0.060534 0.587956 0.076800 0.587956 0.076800 0.615387 0.060534 0.615387
6 0.041139 0.517167 0.055528 0.517167 0.055528 0.546367 0.041139 0.546367
6 0.469068 0.187995 0.482832 0.187995 0.482832 0.212772 0.469068 0.212772
6 0.118717 0.460535 0.129352 0.460535 0.129352 0.482656 0.118717 0.482656
6 0.261360 0.655206 0.286384 0.655206 0.286384 0.675559 0.261360 0.675559
6 0.113085 0.633970 0.136860 0.633970 0.136860 0.653437 0.113085 0.653437
6 0.174397 0.463191 0.190038 0.463191 0.190038 0.482656 0.174397 0.482656
6 0.228201 0.460535 0.241339 0.460535 0.241339 0.481773 0.228201 0.481773
0 0.466754 0.741570 0.996660 0.741570 0.996660 0.992871 0.466754 0.992871
6 0.444043 0.566720 0.453427 0.566720 0.453427 0.587956 0.444043 0.587956
10 0.206668 0.801964 0.273574 0.801964 0.273574 0.821014 0.206668 0.821014
10 0.205800 0.887992 0.273574 0.887992 0.273574 0.903355 0.205800 0.903355
8 0.113692 0.733140 0.285305 0.733140 0.285305 0.932850 0.113692 0.932850
6 0.335810 0.464074 0.343942 0.464074 0.343942 0.485312 0.335810 0.485312
6 0.228827 0.569373 0.242591 0.569373 0.242591 0.587071 0.228827 0.587071
6 0.173771 0.568488 0.185651 0.568488 0.185651 0.593266 0.173771 0.593266
