6 0.219831 0.682554 0.236029 0.682554 0.236029 0.702124 0.219831 0.702124
4 0.413282 0.430402 0.450539 0.430402 0.450539 0.469349 0.413282 0.469349
4 0.452798 0.168882 0.482045 0.168882 0.482045 0.207465 0.452798 0.207465
10 0.047722 0.478742 0.166172 0.478742 0.166172 0.495450 0.047722 0.495450
7 0.060546 0.496882 0.152336 0.496882 0.152336 0.514540 0.060546 0.514540
1 0.471426 0.700931 0.633251 0.700931 0.633251 0.742859 0.471426 0.742859
9 0.009249 0.010791 0.267414 0.010791 0.267414 0.055658 0.009249 0.055658
0 0.473371 0.749045 0.991401 0.749045 0.991401 0.989608 0.473371 0.989608
6 0.218818 0.717874 0.238392 0.717874 0.238392 0.738399 0.218818 0.738399
6 0.176634 0.681599 0.194520 0.681599 0.194520 0.702600 0.176634 0.702600
6 0.309261 0.593774 0.323771 0.593774 0.323771 0.622412 0.309261 0.622412
6 0.131751 0.627663 0.144238 0.627663 0.144238 0.650097 0.131751 0.650097
6 0.527041 0.191555 0.550946 0.191555 0.550946 0.226955 0.527041 0.226955
6 0.128269 0.288945 0.142564 0.288945 0.142564 0.364850 0.128269 0.364850
