4 0.346277 0.589894 0.373091 0.589894 0.373091 0.631696 0.346277 0.631696
4 0.342837 0.730852 0.375155 0.730852 0.375155 0.770711 0.342837 0.770711
0 0.512025 0.761710 0.997951 0.761710 0.997951 0.993191 0.512025 0.993191
8 0.426773 0.010930 0.697683 0.010930 0.697683 0.214107 0.426773 0.214107
10 0.593761 0.046850 0.664173 0.046850 0.664173 0.066758 0.593761 0.066758
10 0.594282 0.082244 0.665735 0.082244 0.665735 0.099942 0.594282 0.099942
10 0.595327 0.126488 0.667300 0.126488 0.667300 0.142709 0.595327 0.142709
10 0.586981 0.175893 0.674603 0.175893 0.674603 0.198013 0.586981 0.198013
7 0.580723 0.144357 0.677731 0.144357 0.677731 0.162620 0.580723 0.162620
3 0.592629 0.099969 0.666156 0.099969 0.666156 0.120961 0.592629 0.120961
6 0.077429 0.656970 0.094618 0.656970 0.094618 0.713355 0.077429 0.713355
6 0.420537 0.303116 0.437039 0.303116 0.437039 0.332281 0.420537 0.332281
6 0.411597 0.357555 0.420537 0.357555 0.420537 0.387692 0.411597 0.387692
6 0.326335 0.358529 0.338713 0.358529 0.338713 0.384774 0.326335 0.384774
6 0.334586 0.300202 0.347651 0.300202 0.347651 0.326447 0.334586 0.326447
6 0.253452 0.454767 0.296081 0.454767 0.296081 0.475185 0.253452 0.475185
6 0.142750 0.430465 0.171628 0.430465 0.171628 0.454767 0.142750 0.454767
6 0.162690 0.341029 0.180566 0.341029 0.180566 0.366306 0.162690 0.366306
6 0.138624 0.342975 0.146188 0.342975 0.146188 0.366306 0.138624 0.366306
6 0.164064 0.300202 0.179192 0.300202 0.179192 0.328393 0.164064 0.328393
6 0.135873 0.300202 0.150312 0.300202 0.150312 0.325475 0.135873 0.325475
6 0.083616 0.365332 0.100119 0.365332 0.100119 0.416857 0.083616 0.416857
6 0.066427 0.344918 0.081553 0.344918 0.081553 0.372137 0.066427 0.372137
9 0.007983 0.007589 0.366217 0.007589 0.366217 0.085359 0.007983 0.085359
0 0.516887 0.761789 0.990798 0.761789 0.990798 0.985838 0.516887 0.985838
6 0.449294 0.639679 0.476330 0.639679 0.476330 0.680027 0.449294 0.680027
6 0.076776 0.659853 0.092547 0.659853 0.092547 0.717192 0.076776 0.717192
4 0.341142 0.727811 0.373437 0.727811 0.373437 0.770284 0.341142 0.770284
4 0.345648 0.598266 0.368931 0.598266 0.368931 0.635431 0.345648 0.635431
6 0.067148 0.344203 0.082170 0.344203 0.082170 0.372521 0.067148 0.372521
6 0.135368 0.299077 0.149763 0.299077 0.149763 0.324737 0.135368 0.324737
6 0.166035 0.299077 0.180431 0.299077 0.180431 0.323851 0.166035 0.323851
6 0.135368 0.341549 0.148512 0.341549 0.148512 0.367271 0.135368 0.367271
6 0.164947 0.342644 0.178420 0.342644 0.178420 0.366611 0.164947 0.366611
6 0.332830 0.297835 0.347852 0.297835 0.347852 0.326153 0.332830 0.326153
6 0.420452 0.298721 0.432344 0.298721 0.432344 0.324381 0.420452 0.324381
6 0.325946 0.358006 0.338464 0.358006 0.338464 0.386324 0.325946 0.386324
6 0.409124 0.354726 0.425346 0.354726 0.425346 0.389894 0.409124 0.389894
6 0.083984 0.365971 0.099632 0.365971 0.099632 0.415523 0.083984 0.415523
6 0.142187 0.429685 0.167852 0.429685 0.167852 0.450034 0.142187 0.450034
6 0.254848 0.447380 0.291773 0.447380 0.291773 0.469501 0.254848 0.469501
9 0.015293 0.019966 0.365070 0.019966 0.365070 0.081382 0.015293 0.081382
8 0.429560 0.013570 0.689296 0.013570 0.689296 0.210455 0.429560 0.210455
6 0.447351 0.635585 0.475544 0.635585 0.475544 0.681276 0.447351 0.681276
