1 0.473906 0.704567 0.637265 0.704567 0.637265 0.740822 0.473906 0.740822
7 0.056821 0.497484 0.156747 0.497484 0.156747 0.517762 0.056821 0.517762
10 0.046829 0.477821 0.166740 0.477821 0.166740 0.494410 0.046829 0.494410
6 0.308375 0.594572 0.327058 0.594572 0.327058 0.617925 0.308375 0.617925
4 0.414385 0.416984 0.452182 0.416984 0.452182 0.456311 0.414385 0.456311
6 0.523436 0.189623 0.558627 0.189623 0.558627 0.231408 0.523436 0.231408
6 0.219745 0.717472 0.235820 0.717472 0.235820 0.743895 0.219745 0.743895
9 0.004765 0.008863 0.273535 0.008863 0.273535 0.058769 0.004765 0.058769
6 0.221483 0.684289 0.236689 0.684289 0.236689 0.705796 0.221483 0.705796
6 0.178471 0.685518 0.194112 0.685518 0.194112 0.703953 0.178471 0.703953
0 0.468693 0.745738 0.995263 0.745738 0.995263 0.995223 0.468693 0.995223
6 0.131115 0.632056 0.146321 0.632056 0.146321 0.650491 0.131115 0.650491
6 0.125900 0.290399 0.148493 0.290399 0.148493 0.350005 0.125900 0.350005
4 0.451313 0.171188 0.484334 0.171188 0.484334 0.210515 0.451313 0.210515
