9 0.000853 0.005576 0.278789 0.005576 0.278789 0.067874 0.000853 0.067874
0 0.469613 0.742269 0.993285 0.742269 0.993285 0.994149 0.469613 0.994149
6 0.245057 0.720046 0.262446 0.720046 0.262446 0.740363 0.245057 0.740363
6 0.245435 0.695452 0.262068 0.695452 0.262068 0.710958 0.245435 0.710958
6 0.126111 0.691292 0.155504 0.691292 0.155504 0.711618 0.126111 0.711618
6 0.078428 0.635861 0.092145 0.635861 0.092145 0.662654 0.078428 0.662654
6 0.058832 0.609069 0.073202 0.609069 0.073202 0.643251 0.058832 0.643251
4 0.545676 0.124127 0.575615 0.124127 0.575615 0.165186 0.545676 0.165186
4 0.548762 0.393263 0.574163 0.393263 0.574163 0.429833 0.548762 0.429833
6 0.490696 0.218116 0.515649 0.218116 0.515649 0.255327 0.490696 0.255327
6 0.413586 0.268800 0.426287 0.268800 0.426287 0.295104 0.413586 0.295104
6 0.154950 0.403464 0.173456 0.403464 0.173456 0.421173 0.154950 0.421173
6 0.235511 0.397305 0.275789 0.397305 0.275789 0.423481 0.235511 0.423481
7 0.235292 0.518844 0.318452 0.518844 0.318452 0.535774 0.235292 0.535774
10 0.225687 0.499993 0.325921 0.499993 0.325921 0.518897 0.225687 0.518897
12 0.409889 0.511577 0.454763 0.511577 0.454763 0.554514 0.409889 0.554514
6 0.219442 0.302160 0.231237 0.302160 0.231237 0.327823 0.219442 0.327823
