6 0.096070 0.622196 0.109135 0.622196 0.109135 0.652685 0.096070 0.652685
10 0.276744 0.535256 0.395589 0.535256 0.395589 0.554504 0.276744 0.554504
6 0.113053 0.656379 0.128078 0.656379 0.128078 0.680399 0.113053 0.680399
10 0.428721 0.168307 0.454303 0.168307 0.454303 0.211420 0.428721 0.211420
7 0.293559 0.555402 0.380652 0.555402 0.380652 0.575931 0.293559 0.575931
6 0.152246 0.708116 0.168575 0.708116 0.168575 0.732136 0.152246 0.732136
6 0.193397 0.708116 0.209726 0.708116 0.209726 0.733060 0.193397 0.733060
6 0.192743 0.740450 0.215605 0.740450 0.215605 0.759852 0.192743 0.759852
9 0.004962 0.009865 0.273315 0.009865 0.273315 0.059136 0.004962 0.059136
4 0.455981 0.481771 0.492559 0.481771 0.492559 0.523345 0.455981 0.523345
1 0.473356 0.698786 0.634693 0.698786 0.634693 0.741282 0.473356 0.741282
0 0.468129 0.742206 0.996562 0.742206 0.996562 0.998113 0.468129 0.998113
6 0.498437 0.305314 0.529138 0.305314 0.529138 0.343193 0.498437 0.343193
6 0.101950 0.307163 0.116973 0.307163 0.116973 0.387537 0.101950 0.387537
