6 0.165122 0.588532 0.181160 0.588532 0.181160 0.611214 0.165122 0.611214
0 0.467556 0.745968 0.994045 0.745968 0.994045 0.995806 0.467556 0.995806
1 0.475117 0.705140 0.638013 0.705140 0.638013 0.740135 0.475117 0.740135
6 0.432605 0.245048 0.460670 0.245048 0.460670 0.287983 0.432605 0.287983
8 0.143636 0.737881 0.300419 0.737881 0.300419 0.803045 0.143636 0.803045
6 0.335808 0.506713 0.348408 0.506713 0.348408 0.530206 0.335808 0.530206
6 0.287695 0.505902 0.297431 0.505902 0.297431 0.527775 0.287695 0.527775
6 0.236718 0.505902 0.247600 0.505902 0.247600 0.531016 0.236718 0.531016
10 0.241869 0.766272 0.280053 0.766272 0.280053 0.777794 0.241869 0.777794
12 0.383920 0.418411 0.429742 0.418411 0.429742 0.464586 0.383920 0.464586
4 0.496183 0.226415 0.519666 0.226415 0.519666 0.268541 0.496183 0.268541
4 0.517948 0.338210 0.547159 0.338210 0.547159 0.379526 0.517948 0.379526
6 0.233855 0.623367 0.257910 0.623367 0.257910 0.642808 0.233855 0.642808
7 0.227164 0.777731 0.292795 0.777731 0.292795 0.790856 0.227164 0.790856
9 0.004175 0.007685 0.275093 0.007685 0.275093 0.059533 0.004175 0.059533
6 0.085507 0.283933 0.100971 0.283933 0.100971 0.333348 0.085507 0.333348
6 0.076343 0.526964 0.091235 0.526964 0.091235 0.551268 0.076343 0.551268
6 0.095817 0.545597 0.111856 0.545597 0.111856 0.566659 0.095817 0.566659
