4 0.526629 0.328256 0.551950 0.328256 0.551950 0.366021 0.526629 0.366021
6 0.235454 0.698036 0.251695 0.698036 0.251695 0.719132 0.235454 0.719132
6 0.143308 0.669439 0.159217 0.669439 0.159217 0.689596 0.143308 0.689596
6 0.312690 0.517030 0.324226 0.517030 0.324226 0.538967 0.312690 0.538967
6 0.209673 0.518716 0.220412 0.518716 0.220412 0.538406 0.209673 0.538406
6 0.068469 0.600851 0.081197 0.600851 0.081197 0.623353 0.068469 0.623353
6 0.045798 0.560346 0.061310 0.560346 0.061310 0.586224 0.045798 0.586224
6 0.442333 0.240779 0.467908 0.240779 0.467908 0.276272 0.442333 0.276272
6 0.069684 0.249163 0.082389 0.249163 0.082389 0.301906 0.069684 0.301906
6 0.009477 0.012199 0.267351 0.012199 0.267351 0.055694 0.009477 0.055694
0 0.473438 0.749734 0.991794 0.749734 0.991794 0.988716 0.473438 0.988716
4 0.525928 0.174869 0.555760 0.174869 0.555760 0.221001 0.525928 0.221001
1 0.474011 0.705989 0.633812 0.705989 0.633812 0.744874 0.474011 0.744874
12 0.401271 0.419315 0.439942 0.419315 0.439942 0.457407 0.401271 0.457407
10 0.208928 0.849219 0.244630 0.849219 0.244630 0.863087 0.208928 0.863087
7 0.193590 0.863087 0.257956 0.863087 0.257956 0.876246 0.193590 0.876246
8 0.099613 0.833960 0.267455 0.833960 0.267455 0.878181 0.099613 0.878181
