6 0.630301 0.211732 0.656075 0.211732 0.656075 0.248861 0.630301 0.248861
4 0.570489 0.117455 0.599338 0.117455 0.599338 0.155948 0.570489 0.155948
6 0.471638 0.311156 0.484159 0.311156 0.484159 0.335022 0.471638 0.335022
6 0.451500 0.361197 0.466196 0.361197 0.466196 0.387375 0.451500 0.387375
12 0.039011 0.517073 0.081970 0.517073 0.081970 0.554879 0.039011 0.554879
0 0.469133 0.741297 0.996309 0.741297 0.996309 0.993079 0.469133 0.993079
9 0.007883 0.010663 0.270269 0.010663 0.270269 0.058459 0.007883 0.058459
7 0.469128 0.555406 0.550075 0.555406 0.550075 0.571142 0.469128 0.571142
6 0.259685 0.475288 0.299376 0.475288 0.299376 0.504693 0.259685 0.504693
6 0.270836 0.719424 0.290433 0.719424 0.290433 0.738670 0.270836 0.738670
6 0.267571 0.753299 0.291520 0.753299 0.291520 0.774086 0.267571 0.774086
6 0.115158 0.719424 0.149451 0.719424 0.149451 0.737131 0.115158 0.737131
6 0.077057 0.654753 0.090664 0.654753 0.090664 0.696328 0.077057 0.696328
6 0.056916 0.636277 0.069436 0.636277 0.069436 0.659373 0.056916 0.659373
10 0.459138 0.532939 0.560806 0.532939 0.560806 0.553191 0.459138 0.553191
4 0.571242 0.482005 0.594720 0.482005 0.594720 0.517557 0.571242 0.517557
6 0.142882 0.484910 0.172367 0.484910 0.172367 0.503624 0.142882 0.503624
