6 0.107153 0.483557 0.136947 0.483557 0.136947 0.502189 0.107153 0.502189
6 0.245815 0.252674 0.287071 0.252674 0.287071 0.277787 0.245815 0.277787
6 0.055583 0.359610 0.071626 0.359610 0.071626 0.409836 0.055583 0.409836
4 0.147017 0.567004 0.173338 0.567004 0.173338 0.609990 0.147017 0.609990
9 0.011681 0.017497 0.366149 0.017497 0.366149 0.086091 0.011681 0.086091
4 0.123875 0.692753 0.151101 0.692753 0.151101 0.736378 0.123875 0.736378
8 0.526851 0.047678 0.774615 0.047678 0.774615 0.247076 0.526851 0.247076
0 0.514289 0.760147 0.993396 0.760147 0.993396 0.989631 0.514289 0.989631
6 0.065791 0.697886 0.092109 0.697886 0.092109 0.742155 0.065791 0.742155
6 0.040832 0.627955 0.053991 0.627955 0.053991 0.686337 0.040832 0.686337
6 0.435489 0.357083 0.449103 0.357083 0.449103 0.384672 0.435489 0.384672
6 0.410075 0.354518 0.423237 0.354518 0.423237 0.378899 0.410075 0.378899
6 0.382850 0.354518 0.395554 0.354518 0.395554 0.378256 0.382850 0.378256
6 0.409773 0.312623 0.423445 0.312623 0.423445 0.336925 0.409773 0.336925
6 0.382762 0.311002 0.395368 0.311002 0.395368 0.336925 0.382762 0.336925
6 0.190808 0.401734 0.202269 0.401734 0.202269 0.425229 0.190808 0.425229
6 0.154693 0.401734 0.165597 0.401734 0.165597 0.425229 0.154693 0.425229
6 0.201122 0.311002 0.214301 0.311002 0.214301 0.336925 0.201122 0.336925
10 0.672276 0.127620 0.759202 0.127620 0.759202 0.145544 0.672276 0.145544
10 0.680244 0.168584 0.751597 0.168584 0.751597 0.188044 0.680244 0.188044
10 0.680607 0.203919 0.750873 0.203919 0.750873 0.220304 0.680607 0.220304
7 0.668292 0.093311 0.759565 0.093311 0.759565 0.110722 0.668292 0.110722
6 0.144969 0.309384 0.159294 0.309384 0.159294 0.331255 0.144969 0.331255
3 0.678795 0.220817 0.751234 0.220817 0.751234 0.235667 0.678795 0.235667
10 0.680607 0.078461 0.750148 0.078461 0.750148 0.093824 0.680607 0.093824
