6 0.288575 0.551323 0.302338 0.551323 0.302338 0.574330 0.288575 0.574330
6 0.234146 0.548667 0.247908 0.548667 0.247908 0.572559 0.234146 0.572559
0 0.474529 0.705469 0.635281 0.705469 0.635281 0.740801 0.474529 0.740801
0 0.466128 0.746524 0.997286 0.746524 0.997286 0.992518 0.466128 0.992518
6 0.244154 0.685822 0.259171 0.685822 0.259171 0.704405 0.244154 0.704405
6 0.189100 0.653967 0.226012 0.653967 0.226012 0.678745 0.189100 0.678745
6 0.153439 0.600876 0.169706 0.600876 0.169706 0.626536 0.153439 0.626536
10 0.231230 0.834511 0.279745 0.834511 0.279745 0.843728 0.231230 0.843728
7 0.221091 0.842704 0.288073 0.842704 0.288073 0.857554 0.221091 0.857554
8 0.132389 0.810955 0.300019 0.810955 0.300019 0.863699 0.132389 0.863699
6 0.133419 0.577869 0.149059 0.577869 0.149059 0.606185 0.133419 0.606185
12 0.335497 0.469915 0.384296 0.469915 0.384296 0.511505 0.335497 0.511505
4 0.466879 0.350457 0.506294 0.350457 0.506294 0.384083 0.466879 0.384083
8 0.005960 0.007303 0.273518 0.007303 0.273518 0.058510 0.005960 0.058510
4 0.438100 0.207109 0.467505 0.207109 0.467505 0.247813 0.438100 0.247813
6 0.384296 0.258430 0.413075 0.258430 0.413075 0.307100 0.384296 0.307100
6 0.138425 0.272588 0.159070 0.272588 0.159070 0.330106 0.138425 0.330106
