8 0.184499 0.771683 0.386657 0.771683 0.386657 0.986183 0.184499 0.986183
7 0.290450 0.919237 0.379550 0.919237 0.379550 0.938184 0.290450 0.938184
10 0.302765 0.901830 0.370133 0.901830 0.370133 0.919237 0.302765 0.919237
3 0.299144 0.878273 0.370496 0.878273 0.370496 0.892609 0.299144 0.892609
10 0.302765 0.859326 0.370496 0.859326 0.370496 0.876224 0.302765 0.876224
10 0.302765 0.825017 0.369047 0.825017 0.369047 0.844477 0.302765 0.844477
10 0.294434 0.952524 0.379190 0.952524 0.379190 0.972493 0.294434 0.972493
9 0.011688 0.016652 0.372281 0.016652 0.372281 0.084186 0.011688 0.084186
6 0.081294 0.251300 0.092163 0.251300 0.092163 0.306604 0.081294 0.306604
6 0.241432 0.671618 0.281072 0.671618 0.281072 0.697428 0.241432 0.697428
6 0.182496 0.606727 0.208053 0.606727 0.208053 0.625899 0.182496 0.625899
6 0.378082 0.512343 0.391642 0.512343 0.391642 0.538150 0.378082 0.538150
6 0.340007 0.504969 0.353568 0.504969 0.353568 0.529302 0.340007 0.529302
6 0.377039 0.454826 0.392685 0.454826 0.392685 0.482849 0.377039 0.482849
6 0.334792 0.447452 0.344702 0.447452 0.344702 0.473998 0.334792 0.473998
6 0.169594 0.503656 0.181996 0.503656 0.181996 0.533389 0.169594 0.533389
6 0.197017 0.502596 0.212789 0.502596 0.212789 0.532326 0.197017 0.532326
6 0.196265 0.453748 0.213539 0.453748 0.213539 0.481358 0.196265 0.481358
6 0.166976 0.454812 0.181996 0.454812 0.181996 0.480298 0.166976 0.480298
6 0.085861 0.466491 0.100883 0.466491 0.100883 0.513215 0.085861 0.513215
6 0.036294 0.495161 0.052066 0.495161 0.052066 0.525954 0.036294 0.525954
0 0.515460 0.761683 0.991623 0.761683 0.991623 0.988919 0.515460 0.988919
