6 0.386280 0.542685 0.409413 0.542685 0.409413 0.576047 0.386280 0.576047
10 0.458517 0.141405 0.551505 0.141405 0.551505 0.160653 0.458517 0.160653
7 0.466833 0.161188 0.545080 0.161188 0.545080 0.175087 0.466833 0.175087
6 0.040106 0.232874 0.053166 0.232874 0.053166 0.292175 0.040106 0.292175
6 0.194067 0.420496 0.224996 0.420496 0.224996 0.444799 0.194067 0.444799
6 0.304038 0.422438 0.334281 0.422438 0.334281 0.442854 0.304038 0.442854
4 0.446896 0.096807 0.471710 0.096807 0.471710 0.117030 0.446896 0.117030
4 0.235591 0.506052 0.296374 0.506052 0.296374 0.532356 0.235591 0.532356
10 0.243303 0.864688 0.284580 0.864688 0.284580 0.882010 0.243303 0.882010
7 0.234684 0.883292 0.295015 0.883292 0.295015 0.908314 0.234684 0.908314
6 0.081645 0.766292 0.093362 0.766292 0.093362 0.816014 0.081645 0.816014
6 0.051404 0.708551 0.063501 0.708551 0.063501 0.733145 0.051404 0.733145
1 0.097900 0.666851 0.140236 0.666851 0.140236 0.685561 0.097900 0.685561
12 0.425290 0.697806 0.461201 0.697806 0.461201 0.733091 0.425290 0.733091
9 0.007725 0.011149 0.269526 0.011149 0.269526 0.060039 0.007725 0.060039
1 0.580708 0.685527 0.760989 0.685527 0.760989 0.732090 0.580708 0.732090
0 0.470186 0.743176 0.994570 0.743176 0.994570 0.993725 0.470186 0.993725
