6 0.289761 0.222494 0.309121 0.222494 0.309121 0.238495 0.289761 0.238495
6 0.136189 0.105285 0.150522 0.105285 0.150522 0.121998 0.136189 0.121998
6 0.052598 0.285348 0.064763 0.285348 0.064763 0.314845 0.052598 0.314845
6 0.300937 0.492610 0.320667 0.492610 0.320667 0.508413 0.300937 0.508413
6 0.394789 0.447615 0.423391 0.447615 0.423391 0.465027 0.394789 0.465027
6 0.505940 0.327789 0.516439 0.327789 0.516439 0.338544 0.505940 0.338544
6 0.388668 0.378464 0.401238 0.378464 0.401238 0.402172 0.388668 0.402172
6 0.378011 0.256988 0.390835 0.256988 0.390835 0.308195 0.378011 0.308195
6 0.659668 0.124494 0.676684 0.124494 0.676684 0.142929 0.659668 0.142929
6 0.674402 0.184613 0.688885 0.184613 0.688885 0.203048 0.674402 0.203048
6 0.672955 0.222506 0.688161 0.222506 0.688161 0.239405 0.672955 0.239405
6 0.672955 0.256817 0.687436 0.256817 0.687436 0.274226 0.672955 0.274226
6 0.672955 0.291125 0.688161 0.291125 0.688161 0.308537 0.672955 0.308537
6 0.711960 0.356509 0.724631 0.356509 0.724631 0.379552 0.711960 0.379552
6 0.622352 0.459777 0.638946 0.459777 0.638946 0.478979 0.622352 0.478979
6 0.268355 0.710907 0.305767 0.710907 0.305767 0.730537 0.268355 0.730537
6 0.464165 0.698106 0.478647 0.698106 0.478647 0.714748 0.464165 0.714748
6 0.519076 0.666529 0.532049 0.666529 0.532049 0.685731 0.519076 0.685731
12 0.720404 0.434173 0.757518 0.434173 0.757518 0.470019 0.720404 0.470019
10 0.514642 0.545549 0.624464 0.545549 0.624464 0.564753 0.514642 0.564753
3 0.521580 0.565607 0.615714 0.565607 0.615714 0.581821 0.521580 0.581821
0 0.472848 0.749228 0.991380 0.749228 0.991380 0.989035 0.472848 0.989035
9 0.009124 0.012264 0.267388 0.012264 0.267388 0.055365 0.009124 0.055365
12 0.037392 0.442658 0.081272 0.442658 0.081272 0.475835 0.037392 0.475835
12 0.196985 0.273701 0.232938 0.273701 0.232938 0.291838 0.196985 0.291838
8 0.408040 0.011326 0.651702 0.011326 0.651702 0.090186 0.408040 0.090186
10 0.566776 0.033142 0.632398 0.033142 0.632398 0.051870 0.566776 0.051870
10 0.569104 0.059688 0.631233 0.059688 0.631233 0.074712 0.569104 0.074712
3 0.566776 0.074301 0.631524 0.074301 0.631524 0.087264 0.566776 0.087264
