6 0.386400 0.593953 0.424890 0.593953 0.424890 0.615339 0.386400 0.615339
9 0.004524 0.007175 0.271892 0.007175 0.271892 0.059671 0.004524 0.059671
4 0.026735 0.278982 0.050792 0.278982 0.050792 0.305716 0.026735 0.305716
7 0.623574 0.610825 0.693580 0.610825 0.693580 0.660271 0.623574 0.660271
4 0.227358 0.411084 0.280339 0.411084 0.280339 0.435387 0.227358 0.435387
1 0.391303 0.291538 0.439988 0.291538 0.439988 0.310172 0.391303 0.310172
1 0.843790 0.258321 0.894767 0.258321 0.894767 0.276957 0.843790 0.276957
7 0.221190 0.435738 0.284768 0.435738 0.284768 0.459231 0.221190 0.459231
3 0.285341 0.415486 0.301951 0.415486 0.301951 0.438169 0.285341 0.438169
11 0.949752 0.453561 0.964645 0.453561 0.964645 0.476243 0.949752 0.476243
3 0.905329 0.412165 0.921137 0.412165 0.921137 0.440356 0.905329 0.440356
4 0.962377 0.391749 0.980934 0.391749 0.980934 0.452992 0.962377 0.452992
6 0.321792 0.314952 0.335538 0.314952 0.335538 0.335365 0.321792 0.335365
6 0.341036 0.516183 0.359595 0.516183 0.359595 0.537569 0.341036 0.537569
11 0.297941 0.342576 0.315697 0.342576 0.315697 0.362828 0.297941 0.362828
0 0.468685 0.745281 0.999076 0.745281 0.999076 0.992363 0.468685 0.992363
1 0.473840 0.698295 0.671443 0.698295 0.671443 0.740418 0.473840 0.740418
12 0.434014 0.235414 0.472933 0.235414 0.472933 0.290460 0.434014 0.290460
6 0.602831 0.662419 0.627890 0.662419 0.627890 0.687736 0.602831 0.687736
6 0.629025 0.592008 0.689509 0.592008 0.689509 0.610885 0.629025 0.610885
6 0.855841 0.590063 0.876461 0.590063 0.876461 0.614366 0.855841 0.614366
6 0.911515 0.481185 0.928011 0.481185 0.928011 0.503544 0.911515 0.503544
6 0.865464 0.526875 0.886083 0.526875 0.886083 0.551178 0.865464 0.551178
