6 0.276547 0.322808 0.293491 0.322808 0.293491 0.340629 0.276547 0.340629
10 0.369425 0.397506 0.464139 0.397506 0.464139 0.418754 0.369425 0.418754
7 0.375304 0.418754 0.462179 0.418754 0.462179 0.438157 0.375304 0.438157
12 0.423509 0.445177 0.462702 0.445177 0.462702 0.481207 0.423509 0.481207
6 0.089466 0.564831 0.101442 0.564831 0.101442 0.591778 0.089466 0.591778
6 0.150431 0.597937 0.162950 0.597937 0.162950 0.641050 0.150431 0.641050
6 0.218473 0.692632 0.233713 0.692632 0.233713 0.714190 0.218473 0.714190
6 0.267462 0.695711 0.283792 0.695711 0.283792 0.714959 0.267462 0.714959
6 0.303333 0.766925 0.318574 0.766925 0.318574 0.784632 0.303333 0.784632
12 0.437840 0.103786 0.478791 0.103786 0.478791 0.122944 0.437840 0.122944
0 0.468149 0.744173 0.995668 0.744173 0.995668 0.998050 0.468149 0.998050
1 0.599832 0.703154 0.795791 0.703154 0.795791 0.737523 0.599832 0.737523
9 0.007099 0.007492 0.272034 0.007492 0.272034 0.059707 0.007099 0.059707
6 0.118403 0.193764 0.132305 0.193764 0.132305 0.218343 0.118403 0.218343
6 0.150552 0.282252 0.162718 0.282252 0.162718 0.325266 0.150552 0.325266
