4 0.258938 0.784959 0.283875 0.784959 0.283875 0.803895 0.258938 0.803895
0 0.468240 0.744700 0.993354 0.744700 0.993354 0.992593 0.468240 0.992593
10 0.337681 0.520564 0.403000 0.520564 0.403000 0.541350 0.337681 0.541350
6 0.344931 0.678099 0.359039 0.678099 0.359039 0.708033 0.344931 0.708033
6 0.160229 0.620648 0.174926 0.620648 0.174926 0.645283 0.160229 0.645283
6 0.116138 0.566756 0.130291 0.566756 0.130291 0.603711 0.116138 0.603711
1 0.241088 0.804267 0.297789 0.804267 0.297789 0.820602 0.241088 0.820602
3 0.216455 0.350343 0.241970 0.350343 0.241970 0.368609 0.216455 0.368609
12 0.147872 0.774700 0.189786 0.774700 0.189786 0.811655 0.147872 0.811655
12 0.334577 0.463670 0.372680 0.463670 0.372680 0.499855 0.334577 0.499855
9 0.006502 0.007068 0.269870 0.007068 0.269870 0.060283 0.006502 0.060283
3 0.335777 0.226200 0.404575 0.226200 0.404575 0.242240 0.335777 0.242240
10 0.330864 0.208556 0.410623 0.208556 0.410623 0.225131 0.330864 0.225131
