10 0.913058 0.666536 0.966696 0.666536 0.966696 0.678687 0.913058 0.678687
6 0.241502 0.792925 0.255381 0.792925 0.255381 0.810421 0.241502 0.810421
6 0.284346 0.807433 0.298827 0.807433 0.298827 0.823224 0.284346 0.823224
6 0.311197 0.791645 0.328394 0.791645 0.328394 0.810849 0.311197 0.810849
6 0.311498 0.734463 0.327792 0.734463 0.327792 0.751105 0.311498 0.751105
6 0.283742 0.712274 0.299129 0.712274 0.299129 0.729770 0.283742 0.729770
6 0.240898 0.733183 0.257493 0.733183 0.257493 0.752813 0.240898 0.752813
6 0.131378 0.742146 0.142842 0.742146 0.142842 0.790791 0.131378 0.790791
6 0.327033 0.509562 0.340460 0.509562 0.340460 0.519872 0.327033 0.519872
6 0.084033 0.458026 0.095772 0.458026 0.095772 0.475607 0.084033 0.475607
6 0.202210 0.186604 0.210036 0.186604 0.210036 0.200278 0.202210 0.200278
6 0.078740 0.366217 0.115569 0.366217 0.115569 0.383147 0.078740 0.383147
6 0.235815 0.187905 0.247094 0.187905 0.247094 0.204836 0.235815 0.204836
6 0.227760 0.187581 0.235126 0.187581 0.235126 0.204185 0.227760 0.204185
10 0.911382 0.639867 0.966066 0.639867 0.966066 0.657349 0.911382 0.657349
7 0.177989 0.553111 0.236824 0.553111 0.236824 0.576551 0.177989 0.576551
4 0.164731 0.607414 0.227985 0.607414 0.227985 0.630073 0.164731 0.630073
4 0.349376 0.593060 0.380877 0.593060 0.380877 0.611514 0.349376 0.611514
1 0.342473 0.549927 0.384471 0.549927 0.384471 0.567339 0.342473 0.567339
4 0.179923 0.530842 0.237929 0.530842 0.237929 0.553111 0.179923 0.553111
11 0.294743 0.502758 0.310395 0.502758 0.310395 0.524572 0.294743 0.524572
10 0.628232 0.092842 0.683935 0.092842 0.683935 0.109446 0.628232 0.109446
12 0.395817 0.478491 0.436420 0.478491 0.436420 0.497242 0.395817 0.497242
0 0.473634 0.749797 0.992904 0.749797 0.992904 0.989596 0.473634 0.989596
1 0.473634 0.702013 0.813350 0.702013 0.813350 0.731214 0.473634 0.731214
7 0.909287 0.601638 0.968999 0.601638 0.968999 0.614676 0.909287 0.614676
6 0.269177 0.941243 0.302701 0.941243 0.302701 0.957542 0.269177 0.957542
9 0.009362 0.012117 0.267506 0.012117 0.267506 0.055997 0.009362 0.055997
8 0.468225 0.011016 0.708329 0.011016 0.708329 0.118916 0.468225 0.118916
10 0.627081 0.041727 0.684626 0.041727 0.684626 0.055728 0.627081 0.055728
3 0.628462 0.055728 0.684166 0.055728 0.684166 0.068099 0.628462 0.068099
7 0.069762 0.382821 0.113496 0.382821 0.113496 0.405610 0.069762 0.405610
6 0.142039 0.368495 0.153318 0.368495 0.153318 0.419935 0.142039 0.419935
6 0.212336 0.185302 0.221084 0.185302 0.221084 0.201253 0.212336 0.201253
8 0.747033 0.554240 0.992904 0.554240 0.992904 0.693164 0.747033 0.693164
10 0.911801 0.588895 0.966904 0.588895 0.966904 0.601638 0.911801 0.601638
3 0.911382 0.678982 0.965858 0.678982 0.965858 0.691430 0.911382 0.691430
