10 0.804823 0.659523 0.853193 0.659523 0.853193 0.671200 0.804823 0.671200
3 0.801919 0.672095 0.855245 0.672095 0.855245 0.683829 0.801919 0.683829
0 0.467943 0.741570 0.997223 0.741570 0.997223 0.993757 0.467943 0.993757
9 0.626403 0.005080 0.995522 0.005080 0.995522 0.104627 0.626403 0.104627
6 0.303279 0.198411 0.318846 0.198411 0.318846 0.215820 0.303279 0.215820
6 0.256573 0.236817 0.273590 0.236817 0.273590 0.254739 0.256573 0.254739
6 0.231592 0.237840 0.245712 0.237840 0.245712 0.254226 0.231592 0.254226
6 0.211317 0.236304 0.225074 0.236304 0.225074 0.253203 0.211317 0.253203
6 0.211317 0.203532 0.227609 0.203532 0.227609 0.221454 0.211317 0.221454
6 0.103014 0.213481 0.116778 0.213481 0.116778 0.237371 0.103014 0.237371
6 0.144931 0.126763 0.160571 0.126763 0.160571 0.182508 0.144931 0.182508
6 0.202488 0.121454 0.221257 0.121454 0.221257 0.144461 0.202488 0.144461
6 0.236272 0.087828 0.260672 0.087828 0.260672 0.110835 0.236272 0.110835
8 0.338615 0.008029 0.591473 0.008029 0.591473 0.128222 0.338615 0.128222
10 0.500234 0.096514 0.569054 0.096514 0.569054 0.114211 0.500234 0.114211
10 0.500234 0.051534 0.568533 0.051534 0.568533 0.064806 0.500234 0.064806
8 0.641760 0.611287 0.881368 0.611287 0.881368 0.744284 0.641760 0.744284
12 0.167871 0.708437 0.208059 0.708437 0.208059 0.745307 0.167871 0.745307
3 0.284452 0.726872 0.361931 0.726872 0.361931 0.743258 0.284452 0.743258
10 0.277571 0.708437 0.369533 0.708437 0.369533 0.723287 0.277571 0.723287
12 0.291331 0.559424 0.317036 0.559424 0.317036 0.594758 0.291331 0.594758
12 0.314139 0.255252 0.355413 0.255252 0.355413 0.296217 0.314139 0.296217
9 0.004165 0.004652 0.271933 0.004652 0.271933 0.064821 0.004165 0.064821
6 0.338035 0.521531 0.351432 0.521531 0.351432 0.581955 0.338035 0.581955
6 0.087857 0.472371 0.103424 0.472371 0.103424 0.534332 0.087857 0.534332
6 0.158095 0.538428 0.188870 0.538428 0.188870 0.558399 0.158095 0.558399
6 0.127683 0.504119 0.141440 0.504119 0.141440 0.533820 0.127683 0.533820
6 0.280469 0.540989 0.297847 0.540989 0.297847 0.559424 0.280469 0.559424
6 0.264539 0.505656 0.273590 0.505656 0.273590 0.523067 0.264539 0.523067
6 0.249331 0.510776 0.257298 0.510776 0.257298 0.526652 0.249331 0.526652
6 0.267072 0.447791 0.276485 0.447791 0.276485 0.464178 0.267072 0.464178
6 0.264900 0.419115 0.273590 0.419115 0.273590 0.436526 0.264900 0.436526
6 0.238471 0.422187 0.247159 0.422187 0.247159 0.436526 0.238471 0.436526
6 0.244987 0.410922 0.254763 0.410922 0.254763 0.425772 0.244987 0.425772
6 0.201541 0.404777 0.211317 0.404777 0.211317 0.421164 0.201541 0.421164
6 0.280831 0.344865 0.296037 0.344865 0.296037 0.368420 0.280831 0.368420
6 0.302553 0.224013 0.319208 0.224013 0.319208 0.241938 0.302553 0.241938
6 0.240280 0.936824 0.255487 0.936824 0.255487 0.957308 0.240280 0.957308
6 0.216384 0.905588 0.244625 0.905588 0.244625 0.928631 0.216384 0.928631
6 0.148681 0.805733 0.163164 0.805733 0.163164 0.850796 0.148681 0.850796
6 0.122976 0.813926 0.136010 0.813926 0.136010 0.841067 0.122976 0.841067
6 0.225038 0.500689 0.234814 0.500689 0.234814 0.519124 0.225038 0.519124
6 0.537744 0.664194 0.552950 0.664194 0.552950 0.684165 0.537744 0.684165
6 0.481625 0.421984 0.497193 0.421984 0.497193 0.443491 0.481625 0.443491
10 0.787335 0.716546 0.870809 0.716546 0.870809 0.739661 0.787335 0.739661
6 0.143975 0.610119 0.158095 0.610119 0.158095 0.635210 0.143975 0.635210
6 0.188507 0.654671 0.224351 0.654671 0.224351 0.677201 0.188507 0.677201
