6 0.035139 0.631942 0.089569 0.631942 0.089569 0.649637 0.035139 0.649637
0 0.468698 0.742552 0.997980 0.742552 0.997980 0.998278 0.468698 0.998278
5 0.254734 0.651410 0.272878 0.651410 0.272878 0.672646 0.254734 0.672646
6 0.250982 0.878822 0.271626 0.878822 0.271626 0.903597 0.250982 0.903597
7 0.027007 0.648757 0.092697 0.648757 0.092697 0.675302 0.027007 0.675302
1 0.575682 0.708926 0.760241 0.708926 0.760241 0.732818 0.575682 0.732818
7 0.601134 0.085404 0.662654 0.085404 0.662654 0.097204 0.601134 0.097204
6 0.403540 0.751268 0.419181 0.751268 0.419181 0.775602 0.403540 0.775602
6 0.334200 0.563970 0.351404 0.563970 0.351404 0.615588 0.334200 0.615588
6 0.175707 0.411330 0.192391 0.411330 0.192391 0.432714 0.175707 0.432714
6 0.338892 0.212973 0.356097 0.212973 0.356097 0.231408 0.338892 0.231408
6 0.295098 0.210760 0.311260 0.210760 0.311260 0.231408 0.295098 0.231408
6 0.255475 0.210760 0.271637 0.210760 0.271637 0.230670 0.255475 0.230670
6 0.209075 0.212235 0.224715 0.212235 0.224715 0.227721 0.209075 0.227721
6 0.067787 0.165044 0.086034 0.165044 0.086034 0.193062 0.067787 0.193062
8 0.437428 0.008716 0.688722 0.008716 0.688722 0.118587 0.437428 0.118587
6 0.099068 0.132598 0.114708 0.132598 0.114708 0.153244 0.099068 0.153244
6 0.165801 0.064020 0.206988 0.064020 0.206988 0.084666 0.165801 0.084666
12 0.398179 0.252264 0.440971 0.252264 0.440971 0.296860 0.398179 0.296860
9 0.004334 0.005597 0.272352 0.005597 0.272352 0.060813 0.004334 0.060813
10 0.606437 0.037453 0.657489 0.037453 0.657489 0.048072 0.606437 0.048072
10 0.604784 0.069920 0.660570 0.069920 0.660570 0.084666 0.604784 0.084666
