6 0.292654 0.175837 0.308531 0.175837 0.308531 0.193800 0.292654 0.193800
9 0.007556 0.010503 0.268245 0.010503 0.268245 0.058544 0.007556 0.058544
8 0.374259 0.009136 0.623364 0.009136 0.623364 0.124618 0.374259 0.124618
6 0.228697 0.087300 0.247294 0.087300 0.247294 0.105907 0.228697 0.105907
6 0.152945 0.121945 0.171996 0.121945 0.171996 0.141193 0.152945 0.141193
6 0.114389 0.203425 0.127089 0.203425 0.127089 0.229086 0.114389 0.229086
6 0.145233 0.212407 0.157481 0.212407 0.157481 0.254107 0.145233 0.254107
6 0.208738 0.166855 0.224614 0.166855 0.224614 0.186101 0.208738 0.186101
6 0.209191 0.194441 0.223706 0.194441 0.223706 0.213689 0.209191 0.213689
6 0.209191 0.227804 0.225521 0.227804 0.225521 0.245767 0.209191 0.245767
6 0.292201 0.199574 0.308078 0.199574 0.308078 0.218181 0.292201 0.218181
6 0.292622 0.234995 0.306798 0.234995 0.306798 0.254153 0.292622 0.254153
12 0.308864 0.282818 0.346287 0.282818 0.346287 0.317034 0.308864 0.317034
6 0.228760 0.395535 0.247811 0.395535 0.247811 0.414013 0.228760 0.414013
6 0.124248 0.550281 0.138946 0.550281 0.138946 0.584925 0.124248 0.584925
6 0.196101 0.603403 0.211341 0.603403 0.211341 0.621880 0.196101 0.621880
6 0.125882 0.691168 0.136769 0.691168 0.136769 0.716575 0.125882 0.716575
6 0.389342 0.563984 0.403328 0.563984 0.403328 0.601410 0.389342 0.601410
6 0.488191 0.365177 0.503321 0.365177 0.503321 0.380389 0.488191 0.380389
12 0.555747 0.382678 0.607459 0.382678 0.607459 0.417322 0.555747 0.417322
0 0.468775 0.745060 0.994727 0.745060 0.994727 0.991176 0.468775 0.991176
9 0.689107 0.010697 0.993477 0.010697 0.993477 0.096026 0.689107 0.096026
10 0.531199 0.093766 0.604397 0.093766 0.604397 0.115002 0.531199 0.115002
10 0.533077 0.045985 0.601269 0.045985 0.601269 0.067221 0.533077 0.067221
