6 0.681786 0.534746 0.688415 0.534746 0.688415 0.548031 0.681786 0.548031
6 0.682613 0.515994 0.688967 0.515994 0.688967 0.531231 0.682613 0.531231
6 0.682613 0.499586 0.688138 0.499586 0.688138 0.512479 0.682613 0.512479
10 0.644532 0.035329 0.698095 0.035329 0.698095 0.049187 0.644532 0.049187
10 0.646492 0.074132 0.694830 0.074132 0.694830 0.085218 0.646492 0.085218
3 0.642976 0.084591 0.694637 0.084591 0.694637 0.097511 0.642976 0.097511
6 0.130019 0.217762 0.141555 0.217762 0.141555 0.235201 0.130019 0.235201
6 0.133174 0.630917 0.146102 0.630917 0.146102 0.644511 0.133174 0.644511
6 0.264765 0.526698 0.274047 0.526698 0.274047 0.543108 0.264765 0.543108
6 0.100924 0.488609 0.109762 0.488609 0.109762 0.510486 0.100924 0.510486
6 0.482153 0.488360 0.492892 0.488360 0.492892 0.510300 0.482153 0.510300
6 0.298238 0.713861 0.314466 0.713861 0.314466 0.731415 0.298238 0.731415
0 0.469820 0.746447 0.994989 0.746447 0.994989 0.991268 0.469820 0.991268
8 0.476321 0.010953 0.723537 0.010953 0.723537 0.115530 0.476321 0.115530
9 0.008545 0.011052 0.269870 0.011052 0.269870 0.058309 0.008545 0.058309
5 0.496591 0.369487 0.514489 0.369487 0.514489 0.397054 0.496591 0.397054
6 0.667423 0.646091 0.684271 0.646091 0.684271 0.658982 0.667423 0.658982
6 0.665211 0.605849 0.675156 0.605849 0.675156 0.620305 0.665211 0.620305
6 0.633171 0.542562 0.641457 0.542562 0.641457 0.555452 0.633171 0.555452
6 0.682061 0.551156 0.688415 0.551156 0.688415 0.565610 0.682061 0.565610
6 0.298244 0.631384 0.314484 0.631384 0.314484 0.644511 0.298244 0.644511
