6 0.209109 0.216790 0.240860 0.216790 0.240860 0.231226 0.209109 0.231226
6 0.657965 0.619845 0.669935 0.619845 0.669935 0.639003 0.657965 0.639003
6 0.643475 0.587767 0.678126 0.587767 0.678126 0.605143 0.643475 0.605143
6 0.637005 0.516715 0.652791 0.516715 0.652791 0.535191 0.637005 0.535191
6 0.568965 0.529032 0.579851 0.529032 0.579851 0.550588 0.568965 0.550588
10 0.697611 0.455264 0.711666 0.455264 0.711666 0.517658 0.697611 0.517658
6 0.670103 0.472279 0.704009 0.472279 0.704009 0.486717 0.670103 0.486717
11 0.748551 0.323505 0.763426 0.323505 0.763426 0.347329 0.748551 0.347329
4 0.540000 0.375776 0.552076 0.375776 0.552076 0.429981 0.540000 0.429981
4 0.508488 0.383331 0.520585 0.383331 0.520585 0.421289 0.508488 0.421289
12 0.538673 0.318977 0.574267 0.318977 0.574267 0.336800 0.538673 0.336800
6 0.199148 0.599478 0.251394 0.599478 0.251394 0.619494 0.199148 0.619494
4 0.294406 0.551744 0.325977 0.551744 0.325977 0.570220 0.294406 0.570220
3 0.303679 0.344105 0.376761 0.344105 0.376761 0.357917 0.303679 0.357917
10 0.298953 0.324947 0.383374 0.324947 0.383374 0.342770 0.298953 0.342770
6 0.109321 0.379748 0.119401 0.379748 0.119401 0.426084 0.109321 0.426084
10 0.289624 0.243522 0.359555 0.243522 0.359555 0.260097 0.289624 0.260097
9 0.007270 0.014136 0.269779 0.014136 0.269779 0.060496 0.007270 0.060496
9 0.451608 0.008440 0.767318 0.008440 0.767318 0.091587 0.451608 0.091587
1 0.473381 0.703101 0.673694 0.703101 0.673694 0.747755 0.473381 0.747755
0 0.470017 0.744228 0.994532 0.744228 0.994532 0.992746 0.470017 0.992746
6 0.721214 0.303689 0.731011 0.303689 0.731011 0.321396 0.721214 0.321396
