6 0.212777 0.222932 0.228815 0.222932 0.228815 0.243183 0.212777 0.243183
7 0.022718 0.519881 0.086027 0.519881 0.086027 0.547542 0.022718 0.547542
6 0.141312 0.160951 0.159128 0.160951 0.159128 0.183348 0.141312 0.183348
5 0.277556 0.569170 0.297031 0.569170 0.297031 0.591043 0.277556 0.591043
5 0.325670 0.146297 0.351443 0.146297 0.351443 0.186800 0.325670 0.186800
12 0.319942 0.085537 0.355454 0.085537 0.355454 0.122801 0.319942 0.122801
12 0.258656 0.486541 0.301040 0.486541 0.301040 0.509224 0.258656 0.509224
12 0.381801 0.702030 0.428769 0.702030 0.428769 0.719850 0.381801 0.719850
12 0.046732 0.714180 0.084534 0.714180 0.084534 0.750634 0.046732 0.750634
5 0.380082 0.623447 0.398411 0.623447 0.398411 0.647750 0.380082 0.647750
6 0.530446 0.608510 0.543504 0.608510 0.543504 0.633786 0.530446 0.633786
6 0.274761 0.779603 0.302254 0.779603 0.302254 0.802934 0.274761 0.802934
6 0.232148 0.720305 0.254142 0.720305 0.254142 0.741691 0.232148 0.741691
6 0.482550 0.569657 0.494578 0.569657 0.494578 0.591529 0.482550 0.591529
6 0.205904 0.513759 0.232824 0.513759 0.232824 0.534013 0.205904 0.534013
6 0.047819 0.503229 0.089631 0.503229 0.089631 0.524291 0.047819 0.524291
6 0.235115 0.394673 0.260889 0.394673 0.260889 0.416546 0.235115 0.416546
6 0.476822 0.242373 0.492288 0.242373 0.492288 0.261006 0.476822 0.261006
6 0.260316 0.224552 0.276927 0.224552 0.276927 0.244804 0.260316 0.244804
6 0.182993 0.219690 0.200176 0.219690 0.200176 0.236703 0.182993 0.236703
6 0.136598 0.219690 0.153781 0.219690 0.153781 0.237513 0.136598 0.237513
6 0.069011 0.260196 0.086768 0.260196 0.086768 0.282879 0.069011 0.282879
6 0.043238 0.299081 0.062711 0.299081 0.062711 0.329054 0.043238 0.329054
6 0.046101 0.239944 0.059275 0.239944 0.059275 0.261817 0.046101 0.261817
9 0.005434 0.008254 0.270053 0.008254 0.270053 0.062530 0.005434 0.062530
8 0.394917 0.005822 0.649800 0.005822 0.649800 0.092504 0.394917 0.092504
10 0.551283 0.064961 0.626889 0.064961 0.626889 0.081164 0.551283 0.081164
10 0.559302 0.034988 0.619442 0.034988 0.619442 0.051188 0.559302 0.051188
1 0.577142 0.704886 0.778391 0.704886 0.778391 0.730552 0.577142 0.730552
0 0.465796 0.739884 0.997783 0.739884 0.997783 0.993026 0.465796 0.993026
