9 0.008413 0.011655 0.269092 0.011655 0.269092 0.057126 0.008413 0.057126
6 0.345290 0.187010 0.358264 0.187010 0.358264 0.212615 0.345290 0.212615
6 0.234260 0.087155 0.252063 0.087155 0.252063 0.106359 0.234260 0.106359
1 0.543787 0.707750 0.718175 0.707750 0.718175 0.732073 0.543787 0.732073
0 0.473258 0.749531 0.991904 0.749531 0.991904 0.988445 0.473258 0.988445
7 0.324926 0.704763 0.402164 0.704763 0.402164 0.722685 0.324926 0.722685
6 0.370152 0.471471 0.383125 0.471471 0.383125 0.526091 0.370152 0.526091
6 0.177842 0.293268 0.227623 0.293268 0.227623 0.308628 0.177842 0.308628
6 0.126851 0.212189 0.138618 0.212189 0.138618 0.231391 0.126851 0.231391
6 0.189306 0.219869 0.205900 0.219869 0.205900 0.236938 0.189306 0.236938
6 0.233356 0.219869 0.248139 0.219869 0.248139 0.237791 0.233356 0.237791
6 0.256285 0.220295 0.271372 0.220295 0.271372 0.236512 0.256285 0.236512
6 0.288267 0.218590 0.304861 0.218590 0.304861 0.237791 0.288267 0.237791
10 0.317684 0.686413 0.410611 0.686413 0.410611 0.703909 0.317684 0.703909
12 0.113576 0.256142 0.149786 0.256142 0.149786 0.290706 0.113576 0.290706
10 0.679735 0.104083 0.729391 0.104083 0.729391 0.120380 0.679735 0.120380
7 0.675964 0.062298 0.734838 0.062298 0.734838 0.073856 0.675964 0.073856
10 0.680094 0.047910 0.730058 0.047910 0.730058 0.062656 0.680094 0.062656
8 0.493710 0.011040 0.763511 0.011040 0.763511 0.131480 0.493710 0.131480
