10 0.620009 0.207862 0.716894 0.207862 0.716894 0.227525 0.620009 0.227525
8 0.485381 0.011376 0.729436 0.011376 0.729436 0.112639 0.485381 0.112639
10 0.652376 0.032484 0.702774 0.032484 0.702774 0.050919 0.652376 0.050919
7 0.046754 0.481122 0.104953 0.481122 0.104953 0.502903 0.046754 0.502903
9 0.008729 0.010578 0.270243 0.010578 0.270243 0.056592 0.008729 0.056592
6 0.177724 0.257020 0.196841 0.257020 0.196841 0.274226 0.177724 0.274226
6 0.670997 0.369538 0.683821 0.369538 0.683821 0.391231 0.670997 0.391231
6 0.671225 0.508653 0.683292 0.508653 0.683292 0.551681 0.671225 0.551681
6 0.591565 0.674141 0.610959 0.674141 0.610959 0.696263 0.591565 0.696263
6 0.407630 0.576396 0.420200 0.576396 0.420200 0.618002 0.407630 0.618002
6 0.255907 0.733263 0.269177 0.733263 0.269177 0.749562 0.255907 0.749562
6 0.050368 0.464814 0.101358 0.464814 0.101358 0.480174 0.050368 0.480174
6 0.169725 0.062235 0.204421 0.062235 0.204421 0.078878 0.169725 0.078878
6 0.109383 0.117709 0.121753 0.117709 0.121753 0.138621 0.109383 0.138621
1 0.687835 0.710056 0.880809 0.710056 0.880809 0.732073 0.687835 0.732073
0 0.472943 0.750467 0.991515 0.750467 0.991515 0.988902 0.472943 0.988902
1 0.638721 0.097119 0.721307 0.097119 0.721307 0.111935 0.638721 0.111935
7 0.648673 0.085264 0.707339 0.085264 0.707339 0.096376 0.648673 0.096376
6 0.352846 0.188244 0.366814 0.188244 0.366814 0.202567 0.352846 0.202567
10 0.651816 0.071434 0.704197 0.071434 0.704197 0.085264 0.651816 0.085264
6 0.077703 0.151422 0.091281 0.151422 0.091281 0.174891 0.077703 0.174891
6 0.205086 0.185561 0.219266 0.185561 0.219266 0.203909 0.205086 0.203909
6 0.278401 0.187695 0.292884 0.187695 0.292884 0.203055 0.278401 0.203055
6 0.305858 0.185987 0.323356 0.185987 0.323356 0.205617 0.305858 0.205617
5 0.257665 0.494214 0.273740 0.494214 0.273740 0.511420 0.257665 0.511420
12 0.403210 0.237970 0.439271 0.237970 0.439271 0.274226 0.403210 0.274226
3 0.633911 0.226911 0.703860 0.226911 0.703860 0.243503 0.633911 0.243503
