9 0.004233 0.007463 0.273253 0.007463 0.273253 0.059816 0.004233 0.059816
6 0.320174 0.544061 0.338945 0.544061 0.338945 0.563970 0.320174 0.563970
6 0.266475 0.544061 0.285765 0.544061 0.285765 0.566183 0.266475 0.566183
6 0.223725 0.544061 0.240929 0.544061 0.240929 0.563970 0.223725 0.563970
6 0.378045 0.546272 0.394207 0.546272 0.394207 0.563970 0.378045 0.563970
6 0.088693 0.634761 0.103291 0.634761 0.103291 0.657620 0.088693 0.657620
6 0.038642 0.593466 0.053763 0.593466 0.053763 0.616326 0.038642 0.616326
8 0.680215 0.008321 0.994767 0.008321 0.994767 0.137366 0.680215 0.137366
10 0.899184 0.099881 0.954796 0.099881 0.954796 0.115859 0.899184 0.115859
7 0.890496 0.058711 0.960879 0.058711 0.960879 0.073459 0.890496 0.073459
10 0.902661 0.045806 0.949148 0.045806 0.949148 0.058104 0.902661 0.058104
6 0.076703 0.222042 0.093385 0.222042 0.093385 0.275873 0.076703 0.275873
6 0.273253 0.782238 0.297756 0.782238 0.297756 0.802148 0.273253 0.802148
6 0.201827 0.725460 0.216947 0.725460 0.216947 0.744630 0.201827 0.744630
12 0.426010 0.438614 0.463027 0.438614 0.463027 0.477695 0.426010 0.477695
0 0.470139 0.743082 0.994407 0.743082 0.994407 0.997039 0.470139 0.997039
1 0.474517 0.704149 0.650944 0.704149 0.650944 0.730694 0.474517 0.730694
