8 0.003539 0.007661 0.271933 0.007661 0.271933 0.060752 0.003539 0.060752
12 0.358339 0.307605 0.399179 0.307605 0.399179 0.347547 0.358339 0.347547
4 0.298384 0.307605 0.325319 0.307605 0.325319 0.330955 0.298384 0.330955
11 0.335747 0.764787 0.353125 0.764787 0.353125 0.791209 0.335747 0.791209
4 0.230173 0.825007 0.271012 0.825007 0.271012 0.849586 0.230173 0.849586
1 0.473472 0.702724 0.673325 0.702724 0.673325 0.740208 0.473472 0.740208
0 0.468849 0.744018 0.996983 0.744018 0.996983 0.994729 0.468849 0.994729
6 0.152403 0.544185 0.171520 0.544185 0.171520 0.582898 0.152403 0.582898
6 0.371373 0.702724 0.386579 0.702724 0.386579 0.718087 0.371373 0.718087
6 0.217139 0.517762 0.229304 0.517762 0.229304 0.550943 0.217139 0.550943
