6 0.119244 0.728333 0.128379 0.728333 0.128379 0.746154 0.119244 0.746154
6 0.371688 0.231867 0.381517 0.231867 0.381517 0.252719 0.371688 0.252719
12 0.112906 0.587455 0.141257 0.587455 0.141257 0.618999 0.112906 0.618999
10 0.336685 0.567673 0.396032 0.567673 0.396032 0.583713 0.336685 0.583713
3 0.339709 0.583179 0.391119 0.583179 0.391119 0.598147 0.339709 0.598147
6 0.195160 0.786698 0.206815 0.786698 0.206815 0.801401 0.195160 0.801401
6 0.396133 0.690907 0.404953 0.690907 0.404953 0.710510 0.396133 0.710510
6 0.579246 0.150373 0.590795 0.150373 0.590795 0.164482 0.579246 0.164482
6 0.658495 0.331742 0.668733 0.331742 0.668733 0.388919 0.658495 0.388919
6 0.598644 0.450922 0.609145 0.450922 0.609145 0.464659 0.598644 0.464659
9 0.000000 0.000000 0.259649 0.000000 0.259649 0.046359 0.000000 0.046359
0 0.469873 0.744395 0.994257 0.744395 0.994257 0.992729 0.469873 0.992729
1 0.534147 0.678986 0.717565 0.678986 0.717565 0.707811 0.534147 0.707811
6 0.250932 0.093012 0.262218 0.093012 0.262218 0.106749 0.250932 0.106749
3 0.250144 0.157612 0.263268 0.157612 0.263268 0.169494 0.250144 0.169494
6 0.088184 0.276241 0.098391 0.276241 0.098391 0.323824 0.088184 0.323824
