12 0.809165 0.283041 0.849206 0.283041 0.849206 0.326398 0.809165 0.326398
3 0.251774 0.515820 0.330551 0.515820 0.330551 0.533590 0.251774 0.533590
10 0.248175 0.498933 0.333157 0.498933 0.333157 0.515893 0.248175 0.515893
4 0.231493 0.316060 0.257040 0.316060 0.257040 0.336708 0.231493 0.336708
4 0.101153 0.495247 0.116795 0.495247 0.116795 0.522530 0.101153 0.522530
6 0.553284 0.318435 0.566422 0.318435 0.566422 0.340556 0.553284 0.340556
9 0.005360 0.007758 0.273128 0.007758 0.273128 0.059078 0.005360 0.059078
7 0.306567 0.335970 0.369651 0.335970 0.369651 0.364727 0.306567 0.364727
11 0.381862 0.438776 0.398129 0.438776 0.398129 0.460897 0.381862 0.460897
11 0.530135 0.331708 0.545777 0.331708 0.545777 0.353829 0.530135 0.353829
3 0.816674 0.427274 0.840446 0.427274 0.840446 0.462668 0.816674 0.462668
6 0.372478 0.529918 0.390621 0.529918 0.390621 0.552039 0.372478 0.552039
6 0.592699 0.626369 0.615847 0.626369 0.615847 0.649376 0.592699 0.649376
6 0.757864 0.573275 0.777884 0.573275 0.777884 0.597167 0.757864 0.597167
0 0.468574 0.741137 0.997229 0.741137 0.997229 0.993324 0.468574 0.993324
6 0.652133 0.569736 0.674029 0.569736 0.674029 0.594514 0.652133 0.594514
1 0.474830 0.704857 0.650631 0.704857 0.650631 0.739366 0.474830 0.739366
4 0.867349 0.414884 0.887996 0.414884 0.887996 0.472402 0.867349 0.472402
4 0.323773 0.315322 0.371738 0.315322 0.371738 0.337443 0.323773 0.337443
1 0.638994 0.247644 0.688420 0.247644 0.688420 0.273307 0.638994 0.273307
