9 0.004859 0.008464 0.273879 0.008464 0.273879 0.058902 0.004859 0.058902
10 0.623605 0.033241 0.675531 0.033241 0.675531 0.049168 0.623605 0.049168
6 0.256265 0.634857 0.269733 0.634857 0.269733 0.652678 0.256265 0.652678
6 0.407459 0.529780 0.419624 0.529780 0.419624 0.550058 0.407459 0.550058
5 0.258439 0.443137 0.277554 0.443137 0.277554 0.462187 0.258439 0.462187
10 0.339720 0.668370 0.432767 0.668370 0.432767 0.685266 0.339720 0.685266
6 0.168069 0.067683 0.209343 0.067683 0.209343 0.089804 0.168069 0.089804
6 0.205434 0.210859 0.222377 0.210859 0.222377 0.229908 0.205434 0.229908
6 0.279726 0.212702 0.297104 0.212702 0.297104 0.226836 0.279726 0.226836
6 0.303188 0.213931 0.321435 0.213931 0.321435 0.229908 0.303188 0.229908
6 0.351413 0.209630 0.372702 0.209630 0.372702 0.229294 0.351413 0.229294
12 0.403983 0.248957 0.442651 0.248957 0.442651 0.297501 0.403983 0.297501
6 0.067708 0.454197 0.105942 0.454197 0.105942 0.469560 0.067708 0.469560
6 0.262348 0.362639 0.279726 0.362639 0.279726 0.381688 0.262348 0.381688
6 0.178931 0.605363 0.199350 0.605363 0.199350 0.629942 0.178931 0.629942
10 0.621780 0.070508 0.674784 0.070508 0.674784 0.084642 0.621780 0.084642
7 0.618367 0.085489 0.676597 0.085489 0.676597 0.097438 0.618367 0.097438
8 0.453332 0.008251 0.704958 0.008251 0.704958 0.116214 0.453332 0.116214
6 0.071618 0.168459 0.087258 0.168459 0.087258 0.192424 0.071618 0.192424
6 0.101596 0.135276 0.119410 0.135276 0.119410 0.153096 0.101596 0.153096
6 0.180234 0.264320 0.197612 0.264320 0.197612 0.290128 0.180234 0.290128
7 0.346236 0.686802 0.424801 0.686802 0.424801 0.704214 0.346236 0.704214
1 0.564546 0.693795 0.747229 0.693795 0.747229 0.724765 0.564546 0.724765
0 0.466321 0.742463 0.997479 0.742463 0.997479 0.994652 0.466321 0.994652
