9 0.005935 0.010402 0.269448 0.010402 0.269448 0.059361 0.005935 0.059361
6 0.842680 0.433735 0.858192 0.433735 0.858192 0.452300 0.842680 0.452300
6 0.835521 0.456800 0.851033 0.456800 0.851033 0.475929 0.835521 0.475929
6 0.245800 0.123815 0.271325 0.123815 0.271325 0.163104 0.245800 0.163104
6 0.174861 0.433304 0.186446 0.433304 0.186446 0.451739 0.174861 0.451739
6 0.145172 0.514724 0.154223 0.514724 0.154223 0.530085 0.145172 0.530085
6 0.188618 0.514724 0.197308 0.514724 0.197308 0.531110 0.188618 0.531110
6 0.809543 0.513183 0.822678 0.513183 0.822678 0.533544 0.809543 0.533544
6 0.848955 0.516732 0.866472 0.516732 0.866472 0.536197 0.848955 0.536197
4 0.721125 0.468841 0.735245 0.468841 0.735245 0.508270 0.721125 0.508270
11 0.216956 0.171766 0.244074 0.171766 0.244074 0.211584 0.216956 0.211584
12 0.222579 0.548367 0.259870 0.548367 0.259870 0.582675 0.222579 0.582675
8 0.096106 0.648563 0.344271 0.648563 0.344271 0.748846 0.096106 0.748846
8 0.800771 0.611176 0.958220 0.611176 0.958220 0.700402 0.800771 0.700402
10 0.902711 0.636422 0.942435 0.636422 0.942435 0.650646 0.902711 0.650646
10 0.898940 0.676251 0.947717 0.676251 0.947717 0.693674 0.898940 0.693674
10 0.271021 0.690373 0.311686 0.690373 0.311686 0.706594 0.271021 0.706594
3 0.263159 0.704627 0.314953 0.704627 0.314953 0.718140 0.263159 0.718140
3 0.897135 0.648304 0.949704 0.648304 0.949704 0.665510 0.897135 0.665510
0 0.469914 0.743836 0.994888 0.743836 0.994888 0.991391 0.469914 0.991391
6 0.457922 0.344083 0.505661 0.344083 0.505661 0.363667 0.457922 0.363667
