6 0.146578 0.628328 0.161361 0.628328 0.161361 0.646251 0.146578 0.646251
4 0.074614 0.469178 0.086432 0.469178 0.086432 0.505806 0.074614 0.505806
1 0.474893 0.707622 0.665695 0.707622 0.665695 0.742956 0.474893 0.742956
6 0.589509 0.671555 0.634012 0.671555 0.634012 0.690402 0.589509 0.690402
6 0.631746 0.568628 0.647908 0.568628 0.647908 0.590750 0.631746 0.590750
6 0.663549 0.435897 0.680233 0.435897 0.680233 0.457284 0.663549 0.457284
6 0.630705 0.391655 0.648430 0.391655 0.648430 0.413041 0.630705 0.413041
6 0.544159 0.441797 0.558235 0.441797 0.558235 0.463919 0.544159 0.463919
6 0.476896 0.454669 0.489468 0.454669 0.489468 0.522946 0.476896 0.522946
11 0.343082 0.417779 0.356961 0.417779 0.356961 0.441676 0.343082 0.441676
6 0.312610 0.409671 0.323472 0.409671 0.323472 0.425460 0.312610 0.425460
4 0.391356 0.464291 0.405839 0.464291 0.405839 0.509100 0.391356 0.509100
4 0.364202 0.458319 0.377778 0.458319 0.377778 0.514219 0.364202 0.514219
6 0.207825 0.666306 0.229548 0.666306 0.229548 0.685082 0.207825 0.685082
6 0.215369 0.628754 0.251272 0.628754 0.251272 0.645822 0.215369 0.645822
0 0.472389 0.749717 0.992911 0.749717 0.992911 0.989516 0.472389 0.989516
9 0.008204 0.011974 0.268362 0.011974 0.268362 0.057692 0.008204 0.057692
11 0.260125 0.059898 0.275692 0.059898 0.275692 0.080893 0.260125 0.080893
6 0.266278 0.095743 0.279675 0.095743 0.279675 0.111616 0.266278 0.111616
6 0.247778 0.144901 0.285468 0.144901 0.285468 0.207888 0.247778 0.207888
12 0.137799 0.298807 0.174055 0.298807 0.174055 0.332944 0.137799 0.332944
7 0.897529 0.554255 0.956034 0.554255 0.956034 0.566734 0.897529 0.566734
10 0.906928 0.540418 0.945675 0.540418 0.945675 0.554526 0.906928 0.554526
8 0.734715 0.484881 0.979335 0.484881 0.979335 0.608648 0.734715 0.608648
