4 0.186547 0.128072 0.246687 0.128072 0.246687 0.153996 0.186547 0.153996
6 0.445439 0.402697 0.467777 0.402697 0.467777 0.424572 0.445439 0.424572
6 0.371551 0.375965 0.386443 0.375965 0.386443 0.397837 0.371551 0.397837
4 0.737927 0.404673 0.821346 0.404673 0.821346 0.418345 0.737927 0.418345
12 0.599513 0.109439 0.635598 0.109439 0.635598 0.149134 0.599513 0.149134
4 0.448875 0.166957 0.509588 0.166957 0.509588 0.189640 0.448875 0.189640
4 0.265589 0.269030 0.279908 0.269030 0.279908 0.308725 0.265589 0.308725
6 0.513884 0.461173 0.538226 0.461173 0.538226 0.481427 0.513884 0.481427
6 0.054344 0.832196 0.069116 0.832196 0.069116 0.852475 0.054344 0.852475
3 0.743728 0.420689 0.816097 0.420689 0.816097 0.436708 0.743728 0.436708
11 0.056952 0.886272 0.075199 0.886272 0.075199 0.910851 0.056952 0.910851
1 0.474271 0.705672 0.676036 0.705672 0.676036 0.741805 0.474271 0.741805
0 0.470101 0.744756 0.995107 0.744756 0.995107 0.993256 0.470101 0.993256
9 0.002689 0.006555 0.270744 0.006555 0.270744 0.063263 0.002689 0.063263
6 0.062256 0.260119 0.081158 0.260119 0.081158 0.317637 0.062256 0.317637
6 0.280481 0.242298 0.290217 0.242298 0.290217 0.332218 0.280481 0.332218
6 0.129270 0.370293 0.165926 0.370293 0.165926 0.392167 0.129270 0.392167
