3 0.279338 0.930576 0.330670 0.930576 0.330670 0.942296 0.279338 0.942296
3 0.390026 0.957267 0.448148 0.957267 0.448148 0.968931 0.390026 0.968931
9 0.005837 0.009390 0.271603 0.009390 0.271603 0.068529 0.005837 0.068529
6 0.352937 0.095264 0.370120 0.095264 0.370120 0.116326 0.352937 0.116326
6 0.299095 0.096882 0.315705 0.096882 0.315705 0.116326 0.299095 0.116326
6 0.131274 0.096882 0.149030 0.096882 0.149030 0.114705 0.131274 0.114705
6 0.007556 0.144678 0.019011 0.144678 0.019011 0.168171 0.007556 0.168171
6 0.060824 0.097692 0.072853 0.097692 0.072853 0.113895 0.060824 0.113895
6 0.019584 0.163312 0.029321 0.163312 0.029321 0.176272 0.019584 0.176272
6 0.086598 0.208677 0.099773 0.208677 0.099773 0.223258 0.086598 0.223258
6 0.202299 0.245943 0.218909 0.245943 0.218909 0.262146 0.202299 0.262146
10 0.398805 0.944574 0.442769 0.944574 0.442769 0.955970 0.398805 0.955970
1 0.639779 0.700007 0.698774 0.700007 0.698774 0.720259 0.639779 0.720259
10 0.278962 0.918423 0.331466 0.918423 0.331466 0.929112 0.278962 0.929112
0 0.468040 0.744028 0.995216 0.744028 0.995216 0.997753 0.468040 0.997753
6 0.245020 0.747008 0.266234 0.747008 0.266234 0.765760 0.245020 0.765760
6 0.200936 0.722160 0.219829 0.722160 0.219829 0.737163 0.200936 0.737163
6 0.080614 0.703408 0.108457 0.703408 0.108457 0.721222 0.080614 0.721222
6 0.025027 0.669386 0.038772 0.669386 0.038772 0.687978 0.025027 0.687978
6 0.061110 0.589995 0.077147 0.589995 0.077147 0.608626 0.061110 0.608626
6 0.015288 0.531667 0.026744 0.531667 0.026744 0.584323 0.015288 0.584323
6 0.188969 0.343266 0.200901 0.343266 0.200901 0.357799 0.188969 0.357799
6 0.140906 0.287946 0.149193 0.287946 0.149193 0.301541 0.140906 0.301541
6 0.140575 0.273882 0.152839 0.273882 0.152839 0.287477 0.140575 0.287477
6 0.101130 0.273413 0.111076 0.273413 0.111076 0.288416 0.101130 0.288416
6 0.229639 0.953302 0.247936 0.953302 0.247936 0.971304 0.229639 0.971304
6 0.183898 0.924611 0.194240 0.924611 0.194240 0.943740 0.183898 0.943740
6 0.156453 0.897044 0.171170 0.897044 0.171170 0.911672 0.156453 0.911672
6 0.558425 0.507857 0.571153 0.507857 0.571153 0.537109 0.558425 0.537109
11 0.438622 0.472206 0.451223 0.472206 0.451223 0.496509 0.438622 0.496509
5 0.353739 0.596519 0.377606 0.596519 0.377606 0.629335 0.353739 0.629335
8 0.547645 0.006940 0.797040 0.006940 0.797040 0.176275 0.547645 0.176275
10 0.697997 0.134644 0.783118 0.134644 0.783118 0.155460 0.697997 0.155460
10 0.701577 0.072199 0.783118 0.072199 0.783118 0.095827 0.701577 0.095827
3 0.656273 0.281422 0.711163 0.281422 0.711163 0.295767 0.656273 0.295767
10 0.664626 0.266512 0.705993 0.266512 0.705993 0.281139 0.664626 0.281139
5 0.148863 0.340452 0.161125 0.340452 0.161125 0.356393 0.148863 0.356393
12 0.393031 0.062859 0.421096 0.062859 0.421096 0.090402 0.393031 0.090402
6 0.499336 0.497317 0.512509 0.497317 0.512509 0.524862 0.499336 0.524862
6 0.472988 0.527293 0.486162 0.527293 0.486162 0.558887 0.472988 0.558887
