12 0.476913 0.370208 0.516703 0.370208 0.516703 0.419052 0.476913 0.419052
10 0.056301 0.662315 0.161615 0.662315 0.161615 0.680750 0.056301 0.680750
7 0.066727 0.682961 0.152230 0.682961 0.152230 0.700658 0.066727 0.700658
0 0.470623 0.746599 0.996670 0.746599 0.996670 0.990675 0.470623 0.990675
1 0.474661 0.704688 0.669106 0.704688 0.669106 0.741853 0.474661 0.741853
9 0.005365 0.005997 0.274135 0.005997 0.274135 0.065460 0.005365 0.065460
6 0.144255 0.203498 0.161522 0.203498 0.161522 0.264023 0.144255 0.264023
6 0.145803 0.526737 0.157269 0.526737 0.157269 0.548926 0.145803 0.548926
6 0.176578 0.565143 0.187440 0.565143 0.187440 0.584344 0.176578 0.584344
6 0.224177 0.621759 0.238775 0.621759 0.238775 0.641667 0.224177 0.641667
6 0.324799 0.665264 0.340440 0.665264 0.340440 0.685174 0.324799 0.685174
6 0.323234 0.621759 0.339396 0.621759 0.339396 0.645356 0.323234 0.645356
