6 0.228502 0.141251 0.256663 0.141251 0.256663 0.177704 0.228502 0.177704
6 0.287450 0.459419 0.302246 0.459419 0.302246 0.480346 0.287450 0.480346
6 0.152372 0.518152 0.171464 0.518152 0.171464 0.537729 0.152372 0.537729
6 0.187693 0.410138 0.203920 0.410138 0.203920 0.432414 0.187693 0.432414
6 0.228264 0.327777 0.244014 0.327777 0.244014 0.352755 0.228264 0.352755
6 0.437435 0.596846 0.486822 0.596846 0.486822 0.617475 0.437435 0.617475
6 0.536843 0.399134 0.552116 0.399134 0.552116 0.422088 0.536843 0.422088
6 0.525865 0.337025 0.575983 0.337025 0.575983 0.359978 0.525865 0.359978
9 0.002860 0.006495 0.272565 0.006495 0.272565 0.065989 0.002860 0.065989
11 0.120154 0.141925 0.147836 0.141925 0.147836 0.177704 0.120154 0.177704
12 0.523479 0.258041 0.558321 0.258041 0.558321 0.299896 0.523479 0.299896
4 0.432463 0.423387 0.447378 0.423387 0.447378 0.456672 0.432463 0.456672
1 0.474558 0.707954 0.809005 0.707954 0.809005 0.724833 0.474558 0.724833
0 0.469896 0.746265 0.994322 0.746265 0.994322 0.995128 0.469896 0.995128
10 0.268421 0.793186 0.328416 0.793186 0.328416 0.806311 0.268421 0.806311
7 0.267737 0.805331 0.328276 0.805331 0.328276 0.822259 0.267737 0.822259
10 0.273952 0.847329 0.323212 0.847329 0.323212 0.862305 0.273952 0.862305
8 0.104048 0.746773 0.352646 0.746773 0.352646 0.868662 0.104048 0.868662
