1 0.337089 0.026889 0.477755 0.026889 0.477755 0.049841 0.337089 0.049841
11 0.179256 0.563583 0.196423 0.563583 0.196423 0.585861 0.179256 0.585861
4 0.278438 0.600039 0.359024 0.600039 0.359024 0.634469 0.278438 0.634469
4 0.465835 0.522403 0.484431 0.522403 0.484431 0.557508 0.465835 0.557508
11 0.443424 0.577761 0.459635 0.577761 0.459635 0.604765 0.443424 0.604765
12 0.427688 0.645269 0.468695 0.645269 0.468695 0.666198 0.427688 0.666198
10 0.444355 0.863901 0.472777 0.863901 0.472777 0.871438 0.444355 0.871438
0 0.754988 0.881910 0.995889 0.881910 0.995889 0.995988 0.754988 0.995988
1 0.758581 0.865587 0.856597 0.865587 0.856597 0.883403 0.758581 0.883403
8 0.321608 0.819872 0.496566 0.819872 0.496566 0.912386 0.321608 0.912386
6 0.235062 0.877364 0.246585 0.877364 0.246585 0.888616 0.235062 0.888616
6 0.491221 0.215769 0.538906 0.215769 0.538906 0.235928 0.491221 0.235928
6 0.462020 0.594638 0.471556 0.594638 0.471556 0.613540 0.462020 0.613540
6 0.175855 0.786227 0.188173 0.786227 0.188173 0.799167 0.175855 0.799167
6 0.099624 0.364433 0.116314 0.364433 0.116314 0.438018 0.099624 0.438018
6 0.062909 0.369834 0.079121 0.369834 0.079121 0.400888 0.062909 0.400888
6 0.131573 0.569660 0.145401 0.569660 0.145401 0.585861 0.131573 0.585861
6 0.203575 0.643244 0.236000 0.643244 0.236000 0.665522 0.203575 0.665522
6 0.423873 0.460296 0.472510 0.460296 0.472510 0.537931 0.423873 0.537931
6 0.557780 0.273433 0.573675 0.273433 0.573675 0.340472 0.557780 0.340472
7 0.437733 0.871714 0.479401 0.871714 0.479401 0.879528 0.437733 0.879528
6 0.257712 0.783978 0.267248 0.783978 0.267248 0.799730 0.257712 0.799730
6 0.100101 0.246968 0.114407 0.246968 0.114407 0.266545 0.100101 0.266545
6 0.237446 0.758661 0.246982 0.758661 0.246982 0.770475 0.237446 0.770475
9 0.004258 0.002586 0.284638 0.002586 0.284638 0.059292 0.004258 0.059292
