6 0.146906 0.871101 0.161491 0.871101 0.161491 0.892666 0.146906 0.892666
3 0.714505 0.309661 0.788808 0.309661 0.788808 0.328803 0.714505 0.328803
10 0.709867 0.290646 0.798168 0.290646 0.798168 0.309550 0.709867 0.309550
6 0.027380 0.415537 0.045280 0.415537 0.045280 0.468982 0.027380 0.468982
6 0.334845 0.521301 0.351154 0.521301 0.351154 0.537054 0.334845 0.537054
6 0.449400 0.546618 0.474060 0.546618 0.474060 0.566870 0.449400 0.566870
6 0.111307 0.551118 0.153867 0.551118 0.153867 0.570808 0.111307 0.570808
6 0.513041 0.603437 0.533723 0.603437 0.533723 0.625377 0.513041 0.625377
4 0.211144 0.305273 0.273990 0.305273 0.273990 0.333965 0.211144 0.333965
4 0.231827 0.422288 0.241772 0.422288 0.241772 0.459981 0.231827 0.459981
1 0.241373 0.400348 0.258476 0.400348 0.258476 0.483609 0.241373 0.483609
10 0.448206 0.311461 0.503097 0.311461 0.503097 0.328338 0.448206 0.328338
11 0.087907 0.847661 0.101496 0.847661 0.101496 0.871570 0.087907 0.871570
1 0.474570 0.702908 0.671830 0.702908 0.671830 0.739848 0.474570 0.739848
0 0.466321 0.743737 0.995560 0.743737 0.995560 0.995518 0.466321 0.995518
12 0.649249 0.299422 0.686479 0.299422 0.686479 0.343304 0.649249 0.343304
9 0.004549 0.003464 0.272319 0.003464 0.272319 0.063546 0.004549 0.063546
