3 0.798016 0.521502 0.865216 0.521502 0.865216 0.537095 0.798016 0.537095
10 0.807990 0.502567 0.855767 0.502567 0.855767 0.520017 0.807990 0.520017
4 0.053433 0.410472 0.065952 0.410472 0.065952 0.448965 0.053433 0.448965
1 0.474515 0.707651 0.668620 0.707651 0.668620 0.741405 0.474515 0.741405
0 0.469271 0.743145 0.993010 0.743145 0.993010 0.994925 0.469271 0.994925
9 0.007443 0.005339 0.269964 0.005339 0.269964 0.063875 0.007443 0.063875
11 0.576696 0.437627 0.587997 0.437627 0.587997 0.459543 0.576696 0.459543
6 0.570205 0.486231 0.581544 0.486231 0.581544 0.502714 0.570205 0.502714
10 0.059030 0.334301 0.111726 0.334301 0.111726 0.356984 0.059030 0.356984
4 0.369687 0.325784 0.382750 0.325784 0.382750 0.381986 0.369687 0.381986
4 0.582519 0.313389 0.602659 0.313389 0.602659 0.401231 0.582519 0.401231
12 0.171572 0.292816 0.210128 0.292816 0.210128 0.326497 0.171572 0.326497
4 0.231284 0.299197 0.243315 0.299197 0.243315 0.330910 0.231284 0.330910
6 0.129602 0.492209 0.142990 0.492209 0.142990 0.509659 0.129602 0.509659
6 0.320318 0.564519 0.342998 0.564519 0.342998 0.583766 0.320318 0.583766
6 0.160840 0.536391 0.175015 0.536391 0.175015 0.554582 0.160840 0.554582
6 0.237491 0.538246 0.250354 0.538246 0.250354 0.554211 0.237491 0.554211
6 0.370592 0.537252 0.396426 0.537252 0.396426 0.556500 0.370592 0.556500
