3 0.263982 0.705564 0.315314 0.705564 0.315314 0.720085 0.263982 0.720085
10 0.903881 0.636427 0.941594 0.636427 0.941594 0.650356 0.903881 0.650356
10 0.899480 0.677027 0.945995 0.677027 0.945995 0.693029 0.899480 0.693029
3 0.897595 0.649763 0.948509 0.649763 0.948509 0.662804 0.897595 0.662804
9 0.009239 0.011962 0.267310 0.011962 0.267310 0.056205 0.009239 0.056205
6 0.360527 0.127397 0.381948 0.127397 0.381948 0.161108 0.360527 0.161108
6 0.451945 0.345457 0.509270 0.345457 0.509270 0.364233 0.451945 0.364233
6 0.866349 0.531875 0.880840 0.531875 0.880840 0.546444 0.866349 0.546444
8 0.803927 0.613948 0.955033 0.613948 0.955033 0.698582 0.803927 0.698582
6 0.792317 0.527182 0.805413 0.527182 0.805413 0.542494 0.792317 0.542494
6 0.852904 0.458036 0.869490 0.458036 0.869490 0.475571 0.852904 0.475571
6 0.841380 0.408152 0.856920 0.408152 0.856920 0.424944 0.841380 0.424944
6 0.175126 0.406565 0.187193 0.406565 0.187193 0.425767 0.175126 0.425767
6 0.128964 0.526901 0.138317 0.526901 0.138317 0.545252 0.128964 0.545252
6 0.203788 0.527755 0.214047 0.527755 0.214047 0.544398 0.203788 0.544398
4 0.627648 0.466004 0.639800 0.466004 0.639800 0.508084 0.627648 0.508084
12 0.334065 0.573486 0.369056 0.573486 0.369056 0.606676 0.334065 0.606676
11 0.328847 0.202075 0.352080 0.202075 0.352080 0.237066 0.328847 0.237066
0 0.473186 0.748602 0.992978 0.748602 0.992978 0.988254 0.473186 0.988254
8 0.097978 0.650757 0.341640 0.650757 0.341640 0.746001 0.097978 0.746001
10 0.271315 0.691933 0.307980 0.691933 0.307980 0.705564 0.271315 0.705564
