3 0.480405 0.444831 0.497642 0.444831 0.497642 0.457956 0.480405 0.457956
5 0.300255 0.652184 0.320474 0.652184 0.320474 0.680314 0.300255 0.680314
0 0.470080 0.747402 0.993821 0.747402 0.993821 0.993350 0.470080 0.993350
6 0.101596 0.552049 0.111264 0.552049 0.111264 0.574511 0.101596 0.574511
6 0.121447 0.731062 0.131390 0.731062 0.131390 0.747862 0.121447 0.747862
6 0.220007 0.767608 0.235586 0.767608 0.235586 0.781672 0.220007 0.781672
6 0.380139 0.577644 0.389750 0.577644 0.389750 0.601553 0.380139 0.601553
6 0.282052 0.455329 0.289725 0.455329 0.289725 0.467808 0.282052 0.467808
6 0.200544 0.466923 0.212266 0.466923 0.212266 0.479925 0.200544 0.479925
6 0.221613 0.318261 0.233583 0.318261 0.233583 0.331284 0.221613 0.331284
6 0.158774 0.318911 0.170053 0.318911 0.170053 0.331284 0.158774 0.331284
6 0.339771 0.147835 0.348786 0.147835 0.348786 0.164654 0.339771 0.164654
6 0.319437 0.165740 0.328645 0.165740 0.328645 0.180392 0.319437 0.180392
6 0.291048 0.222443 0.311957 0.222443 0.311957 0.235462 0.291048 0.235462
6 0.221267 0.221570 0.233468 0.221570 0.233468 0.234267 0.221267 0.234267
9 0.007833 0.012944 0.267927 0.012944 0.267927 0.055150 0.007833 0.055150
12 0.089764 0.068241 0.117939 0.068241 0.117939 0.095588 0.089764 0.095588
10 0.047780 0.197165 0.125121 0.197165 0.125121 0.210448 0.047780 0.210448
12 0.089082 0.290215 0.118430 0.290215 0.118430 0.315445 0.089082 0.315445
4 0.157990 0.407310 0.167934 0.407310 0.167934 0.436611 0.157990 0.436611
11 0.281476 0.384248 0.293561 0.384248 0.293561 0.401882 0.281476 0.401882
12 0.355235 0.309015 0.384238 0.309015 0.384238 0.336362 0.355235 0.336362
