10 0.415511 0.440087 0.524065 0.440087 0.524065 0.457668 0.415511 0.457668
7 0.426284 0.458449 0.512187 0.458449 0.512187 0.474468 0.426284 0.474468
0 0.471644 0.747818 0.992911 0.747818 0.992911 0.989770 0.471644 0.989770
1 0.474554 0.704949 0.669773 0.704949 0.669773 0.744105 0.474554 0.744105
9 0.008671 0.012917 0.267925 0.012917 0.267925 0.056345 0.008671 0.056345
6 0.200452 0.620588 0.212716 0.620588 0.212716 0.643558 0.200452 0.643558
6 0.178905 0.584490 0.192827 0.584490 0.192827 0.609804 0.178905 0.609804
6 0.179177 0.247680 0.193540 0.247680 0.193540 0.300029 0.179177 0.300029
6 0.306735 0.705031 0.320316 0.705031 0.320316 0.721309 0.306735 0.721309
6 0.306966 0.676381 0.320776 0.676381 0.320776 0.693312 0.306966 0.693312
6 0.239896 0.674969 0.253486 0.674969 0.253486 0.692784 0.239896 0.692784
12 0.165678 0.439826 0.202738 0.439826 0.202738 0.474337 0.165678 0.474337
