6 0.311259 0.522371 0.329159 0.522371 0.329159 0.542625 0.311259 0.542625
6 0.501387 0.678203 0.553492 0.678203 0.553492 0.698457 0.501387 0.698457
6 0.187955 0.458237 0.205854 0.458237 0.205854 0.479615 0.187955 0.479615
6 0.229720 0.324344 0.249210 0.324344 0.249210 0.343471 0.229720 0.343471
6 0.183181 0.157259 0.209035 0.157259 0.209035 0.192702 0.183181 0.192702
12 0.562066 0.250070 0.604130 0.250070 0.604130 0.299066 0.562066 0.299066
8 0.101960 0.744678 0.354149 0.744678 0.354149 0.867351 0.101960 0.867351
10 0.271835 0.848208 0.322080 0.848208 0.322080 0.863445 0.271835 0.863445
7 0.268493 0.805612 0.329564 0.805612 0.329564 0.818907 0.268493 0.818907
10 0.268493 0.793904 0.327354 0.793904 0.327354 0.806405 0.268493 0.806405
0 0.469608 0.741403 0.997701 0.741403 0.997701 0.994156 0.469608 0.994156
1 0.473544 0.706333 0.809648 0.706333 0.809648 0.726023 0.473544 0.726023
4 0.446099 0.472303 0.464792 0.472303 0.464792 0.509995 0.446099 0.509995
12 0.091300 0.160636 0.118745 0.160636 0.118745 0.202267 0.091300 0.202267
9 0.005384 0.006490 0.269495 0.006490 0.269495 0.060498 0.005384 0.060498
6 0.566220 0.432922 0.584915 0.432922 0.584915 0.458800 0.566220 0.458800
6 0.565028 0.359787 0.609974 0.359787 0.609974 0.383416 0.565028 0.383416
6 0.131871 0.592692 0.149771 0.592692 0.149771 0.614071 0.131871 0.614071
