9 0.008765 0.011667 0.268580 0.011667 0.268580 0.058529 0.008765 0.058529
0 0.471356 0.747615 0.993340 0.747615 0.993340 0.990714 0.471356 0.990714
1 0.470917 0.702586 0.664513 0.702586 0.664513 0.744712 0.470917 0.744712
3 0.706590 0.395317 0.780065 0.395317 0.780065 0.411725 0.706590 0.411725
10 0.703275 0.376173 0.786971 0.376173 0.786971 0.394925 0.703275 0.394925
12 0.641568 0.083517 0.677200 0.083517 0.677200 0.119069 0.641568 0.119069
6 0.037352 0.238986 0.050012 0.238986 0.050012 0.288147 0.037352 0.288147
6 0.087992 0.324284 0.123441 0.324284 0.123441 0.342189 0.087992 0.342189
6 0.325822 0.338159 0.341014 0.338159 0.341014 0.354569 0.325822 0.354569
6 0.483544 0.410435 0.504813 0.410435 0.504813 0.428406 0.483544 0.428406
6 0.236846 0.472254 0.251100 0.472254 0.251100 0.491009 0.236846 0.491009
6 0.276952 0.457721 0.291538 0.457721 0.291538 0.478820 0.276952 0.478820
10 0.433299 0.108130 0.489372 0.108130 0.489372 0.127274 0.433299 0.127274
1 0.262567 0.220958 0.275274 0.220958 0.275274 0.302608 0.262567 0.302608
4 0.250966 0.243616 0.263672 0.243616 0.263672 0.278387 0.250966 0.278387
4 0.138769 0.123684 0.200055 0.123684 0.200055 0.152847 0.138769 0.152847
6 0.430233 0.372929 0.451226 0.372929 0.451226 0.390510 0.430233 0.390510
