11 0.521036 0.415651 0.535753 0.415651 0.535753 0.440404 0.521036 0.440404
10 0.320965 0.370646 0.377048 0.370646 0.377048 0.390336 0.320965 0.390336
9 0.008177 0.009676 0.269790 0.009676 0.269790 0.058283 0.008177 0.058283
12 0.145555 0.353205 0.183342 0.353205 0.183342 0.386959 0.145555 0.386959
1 0.474029 0.702586 0.666384 0.702586 0.666384 0.729589 0.474029 0.729589
0 0.471437 0.747794 0.993371 0.747794 0.993371 0.991164 0.471437 0.991164
1 0.141473 0.432000 0.153350 0.432000 0.153350 0.512871 0.141473 0.512871
4 0.129319 0.452315 0.141750 0.452315 0.141750 0.488648 0.129319 0.488648
3 0.792439 0.560259 0.858733 0.560259 0.858733 0.575885 0.792439 0.575885
10 0.787467 0.541115 0.865085 0.541115 0.865085 0.561040 0.787467 0.561040
4 0.539381 0.529194 0.552731 0.529194 0.552731 0.582262 0.539381 0.582262
6 0.235719 0.527247 0.249807 0.527247 0.249807 0.543655 0.235719 0.543655
6 0.290688 0.553812 0.312232 0.553812 0.312232 0.572567 0.290688 0.572567
6 0.336603 0.579710 0.360658 0.579710 0.360658 0.601096 0.336603 0.601096
6 0.483250 0.390336 0.493592 0.390336 0.493592 0.407775 0.483250 0.407775
