6 0.029528 0.416052 0.043431 0.416052 0.043431 0.469511 0.029528 0.469511
3 0.714101 0.309313 0.788926 0.309313 0.788926 0.327661 0.714101 0.327661
10 0.711084 0.293522 0.793451 0.293522 0.793451 0.309739 0.711084 0.309739
12 0.650441 0.301205 0.686042 0.301205 0.686042 0.337903 0.650441 0.337903
6 0.508168 0.602450 0.534236 0.602450 0.534236 0.623099 0.508168 0.623099
9 0.008167 0.011108 0.269116 0.011108 0.269116 0.058892 0.008167 0.058892
6 0.349155 0.522813 0.369487 0.522813 0.369487 0.541248 0.349155 0.541248
6 0.113814 0.545094 0.149875 0.545094 0.149875 0.567830 0.113814 0.567830
6 0.222430 0.680283 0.238940 0.680283 0.238940 0.701176 0.222430 0.701176
10 0.482622 0.309707 0.539971 0.309707 0.539971 0.329618 0.482622 0.329618
11 0.193321 0.573974 0.210265 0.573974 0.210265 0.597327 0.193321 0.597327
4 0.231649 0.421916 0.243597 0.421916 0.243597 0.459804 0.231649 0.459804
4 0.189858 0.275641 0.250475 0.275641 0.250475 0.301060 0.189858 0.301060
6 0.447691 0.544197 0.472716 0.544197 0.472716 0.566318 0.447691 0.566318
1 0.243236 0.400919 0.254096 0.400919 0.254096 0.482334 0.243236 0.482334
0 0.472716 0.749192 0.990944 0.749192 0.990944 0.988106 0.472716 0.988106
1 0.469588 0.701998 0.666140 0.701998 0.666140 0.744768 0.469588 0.744768
