6 0.065110 0.522518 0.078623 0.522518 0.078623 0.541630 0.065110 0.541630
6 0.040787 0.466454 0.057903 0.466454 0.057903 0.493212 0.040787 0.493212
6 0.151597 0.411662 0.169615 0.411662 0.169615 0.435871 0.151597 0.435871
6 0.320966 0.410387 0.340787 0.410387 0.340787 0.434598 0.320966 0.434598
6 0.320966 0.479194 0.339885 0.479194 0.339885 0.502131 0.320966 0.502131
6 0.487635 0.483019 0.511057 0.483019 0.511057 0.499582 0.487635 0.499582
6 0.489436 0.412937 0.507453 0.412937 0.507453 0.429502 0.489436 0.429502
6 0.050696 0.200143 0.071416 0.200143 0.071416 0.261306 0.050696 0.261306
6 0.005651 0.010285 0.270517 0.010285 0.270517 0.062528 0.005651 0.062528
6 0.151597 0.481744 0.170517 0.481744 0.170517 0.503406 0.151597 0.503406
0 0.464731 0.745343 0.995471 0.745343 0.995471 0.995319 0.464731 0.995319
1 0.473072 0.706263 0.815603 0.706263 0.815603 0.728384 0.473072 0.728384
8 0.132533 0.768914 0.384161 0.768914 0.384161 0.953774 0.132533 0.953774
12 0.550698 0.318645 0.595743 0.318645 0.595743 0.365791 0.550698 0.365791
6 0.106552 0.598972 0.121868 0.598972 0.121868 0.619359 0.106552 0.619359
6 0.290337 0.642293 0.316463 0.642293 0.316463 0.669052 0.290337 0.669052
6 0.299646 0.858435 0.355211 0.858435 0.355211 0.868036 0.299646 0.868036
6 0.295623 0.869458 0.355714 0.869458 0.355714 0.882970 0.295623 0.882970
