6 0.231548 0.493650 0.246463 0.493650 0.246463 0.511621 0.231548 0.511621
6 0.470229 0.477615 0.492858 0.477615 0.492858 0.496391 0.470229 0.496391
4 0.207409 0.140455 0.265338 0.140455 0.265338 0.166485 0.207409 0.166485
4 0.259381 0.310073 0.272777 0.310073 0.272777 0.346430 0.259381 0.346430
10 0.676810 0.380576 0.759535 0.380576 0.759535 0.400206 0.676810 0.400206
6 0.050272 0.299487 0.066538 0.299487 0.066538 0.359659 0.050272 0.359659
10 0.426650 0.207656 0.482406 0.207656 0.482406 0.228653 0.426650 0.228653
12 0.571110 0.160547 0.608038 0.160547 0.608038 0.197414 0.571110 0.197414
11 0.273533 0.476069 0.289554 0.476069 0.289554 0.495994 0.273533 0.495994
1 0.270605 0.289076 0.284726 0.289076 0.284726 0.371522 0.270605 0.371522
9 0.008774 0.012794 0.267489 0.012794 0.267489 0.056473 0.008774 0.056473
0 0.471690 0.748000 0.993227 0.748000 0.993227 0.989852 0.471690 0.989852
1 0.472282 0.703014 0.667187 0.703014 0.667187 0.743125 0.472282 0.743125
3 0.681077 0.399337 0.753101 0.399337 0.753101 0.414601 0.681077 0.414601
6 0.115011 0.435866 0.148534 0.435866 0.148534 0.453645 0.115011 0.453645
6 0.414871 0.421137 0.435989 0.421137 0.435989 0.439627 0.414871 0.439627
6 0.337934 0.403713 0.353272 0.403713 0.353272 0.421137 0.337934 0.421137
