12 0.400294 0.254598 0.427216 0.254598 0.427216 0.292673 0.400294 0.292673
6 0.602774 0.379961 0.617927 0.379961 0.617927 0.397325 0.602774 0.397325
6 0.713975 0.282189 0.728936 0.282189 0.728936 0.300421 0.713975 0.300421
6 0.777045 0.379533 0.793157 0.379533 0.793157 0.396788 0.777045 0.396788
6 0.712824 0.532223 0.730318 0.532223 0.730318 0.549478 0.712824 0.549478
6 0.008062 0.011565 0.269246 0.011565 0.269246 0.057823 0.008062 0.057823
6 0.182069 0.274040 0.192952 0.274040 0.192952 0.289432 0.182069 0.289432
6 0.193949 0.593261 0.206034 0.593261 0.206034 0.608996 0.193949 0.608996
6 0.233272 0.592716 0.247084 0.592716 0.247084 0.608452 0.233272 0.608452
6 0.291777 0.634226 0.310192 0.634226 0.310192 0.651589 0.291777 0.651589
11 0.437525 0.294294 0.467308 0.294294 0.467308 0.333179 0.437525 0.333179
4 0.435425 0.379712 0.454650 0.379712 0.454650 0.450034 0.435425 0.450034
4 0.469897 0.395651 0.485145 0.395651 0.485145 0.434095 0.469897 0.434095
4 0.134419 0.392816 0.147772 0.392816 0.147772 0.436442 0.134419 0.436442
4 0.151223 0.372956 0.168486 0.372956 0.168486 0.456952 0.151223 0.456952
8 0.794079 0.582685 0.971550 0.582685 0.971550 0.657888 0.794079 0.657888
10 0.904566 0.618171 0.961652 0.618171 0.961652 0.639006 0.904566 0.639006
1 0.472465 0.706151 0.723337 0.706151 0.723337 0.744226 0.472465 0.744226
0 0.471119 0.748628 0.992957 0.748628 0.992957 0.989971 0.471119 0.989971
