6 0.329157 0.721880 0.349896 0.721880 0.349896 0.738957 0.329157 0.738957
9 0.008456 0.010663 0.269064 0.010663 0.269064 0.058459 0.008456 0.058459
8 0.502755 0.261795 0.679167 0.261795 0.679167 0.344427 0.502755 0.344427
6 0.149119 0.221388 0.160458 0.221388 0.160458 0.244913 0.149119 0.244913
6 0.180871 0.239030 0.192967 0.239030 0.192967 0.260416 0.180871 0.260416
6 0.245133 0.300515 0.269702 0.300515 0.269702 0.318691 0.245133 0.318691
6 0.239220 0.169165 0.256458 0.169165 0.256458 0.188411 0.239220 0.188411
6 0.288663 0.168522 0.307262 0.168522 0.307262 0.192262 0.288663 0.192262
6 0.382107 0.168522 0.399796 0.168522 0.399796 0.190336 0.382107 0.190336
6 0.433364 0.169165 0.450600 0.169165 0.450600 0.189054 0.433364 0.189054
6 0.170920 0.551790 0.185943 0.551790 0.185943 0.609069 0.170920 0.609069
6 0.231014 0.449243 0.257794 0.449243 0.257794 0.469567 0.231014 0.469567
6 0.328993 0.451089 0.348589 0.451089 0.348589 0.466795 0.328993 0.466795
6 0.192475 0.634013 0.205540 0.634013 0.205540 0.659881 0.192475 0.659881
5 0.467176 0.493002 0.491671 0.493002 0.491671 0.529187 0.467176 0.529187
12 0.478062 0.559981 0.519430 0.559981 0.519430 0.596166 0.478062 0.596166
10 0.206273 0.759448 0.261462 0.759448 0.261462 0.779231 0.206273 0.779231
3 0.196066 0.779765 0.270156 0.779765 0.270156 0.793665 0.196066 0.793665
0 0.470735 0.745893 0.993944 0.745893 0.993944 0.992562 0.470735 0.992562
10 0.609832 0.284894 0.662437 0.284894 0.662437 0.303607 0.609832 0.303607
10 0.610147 0.314746 0.662754 0.314746 0.662754 0.333902 0.610147 0.333902
