6 0.473638 0.501640 0.495362 0.501640 0.495362 0.519562 0.473638 0.519562
4 0.412747 0.200796 0.468504 0.200796 0.468504 0.221277 0.412747 0.221277
12 0.656771 0.145491 0.692976 0.145491 0.692976 0.181848 0.656771 0.181848
10 0.728625 0.138534 0.812350 0.138534 0.812350 0.157027 0.728625 0.157027
3 0.732095 0.157460 0.807464 0.157460 0.807464 0.174540 0.732095 0.174540
0 0.472456 0.748674 0.992247 0.748674 0.992247 0.989064 0.472456 0.989064
6 0.119537 0.912085 0.133366 0.912085 0.133366 0.931050 0.119537 0.931050
6 0.007874 0.011655 0.266988 0.011655 0.266988 0.055897 0.007874 0.055897
1 0.472456 0.701483 0.664837 0.701483 0.664837 0.745726 0.472456 0.745726
11 0.076166 0.937866 0.092090 0.937866 0.092090 0.960092 0.076166 0.960092
6 0.021430 0.299973 0.036550 0.299973 0.036550 0.353803 0.021430 0.353803
6 0.115507 0.430375 0.148998 0.430375 0.148998 0.448725 0.115507 0.448725
6 0.304077 0.413732 0.321577 0.413732 0.321577 0.434642 0.304077 0.434642
6 0.436528 0.443604 0.458250 0.443604 0.458250 0.461526 0.436528 0.461526
4 0.216419 0.304403 0.232057 0.304403 0.232057 0.347905 0.216419 0.347905
4 0.203383 0.127424 0.263860 0.127424 0.263860 0.156921 0.203383 0.156921
1 0.229973 0.286701 0.241963 0.286701 0.241963 0.367813 0.229973 0.367813
