0 0.030735 0.763379 0.982854 0.763379 0.982854 0.986833 0.030735 0.986833
4 0.518732 0.303642 0.665801 0.303642 0.665801 0.335373 0.518732 0.335373
3 0.530194 0.462288 0.575075 0.462288 0.575075 0.483892 0.530194 0.483892
12 0.253246 0.457565 0.364978 0.457565 0.364978 0.494018 0.253246 0.494018
9 0.026183 0.009408 0.775380 0.009408 0.775380 0.089901 0.026183 0.089901
6 0.305772 0.279340 0.335375 0.279340 0.335375 0.351573 0.305772 0.351573
6 0.242743 0.313095 0.282850 0.313095 0.282850 0.352250 0.242743 0.352250
6 0.556933 0.578403 0.661979 0.578403 0.661979 0.622962 0.556933 0.622962
1 0.038374 0.746501 0.345878 0.746501 0.345878 0.762028 0.038374 0.762028
6 0.304814 0.226683 0.330600 0.226683 0.330600 0.245585 0.304814 0.245585
