3 0.731786 0.284439 0.807515 0.284439 0.807515 0.304923 0.731786 0.304923
6 0.451401 0.563050 0.480075 0.563050 0.480075 0.587629 0.451401 0.587629
6 0.491372 0.617124 0.515702 0.617124 0.515702 0.644163 0.491372 0.644163
6 0.174561 0.862799 0.189333 0.862799 0.189333 0.881848 0.174561 0.881848
11 0.158052 0.921176 0.176299 0.921176 0.176299 0.945140 0.158052 0.945140
0 0.469867 0.746413 0.994264 0.746413 0.994264 0.995283 0.469867 0.995283
1 0.473342 0.706471 0.663202 0.706471 0.663202 0.742112 0.473342 0.742112
6 0.399265 0.536626 0.418816 0.536626 0.418816 0.561207 0.399265 0.561207
10 0.728769 0.266942 0.813852 0.266942 0.813852 0.282731 0.728769 0.282731
12 0.587823 0.277925 0.625187 0.277925 0.625187 0.318481 0.587823 0.318481
10 0.477469 0.338759 0.537859 0.338759 0.537859 0.359652 0.477469 0.359652
1 0.319759 0.408812 0.338006 0.408812 0.338006 0.495455 0.319759 0.495455
9 0.006479 0.005005 0.270494 0.005005 0.270494 0.062521 0.006479 0.062521
4 0.250679 0.268094 0.310200 0.268094 0.310200 0.298203 0.250679 0.298203
4 0.306290 0.428476 0.319759 0.428476 0.319759 0.470261 0.306290 0.470261
6 0.102960 0.427247 0.119037 0.427247 0.119037 0.478863 0.102960 0.478863
6 0.167696 0.594388 0.204626 0.594388 0.204626 0.615895 0.167696 0.615895
