1 0.474811 0.703694 0.666408 0.703694 0.666408 0.746710 0.474811 0.746710
10 0.201779 0.055878 0.260794 0.055878 0.260794 0.077385 0.201779 0.077385
9 0.009475 0.012453 0.266978 0.012453 0.266978 0.055718 0.009475 0.055718
0 0.473393 0.748970 0.991830 0.748970 0.991830 0.988181 0.473393 0.988181
11 0.078666 0.908382 0.091700 0.908382 0.091700 0.932346 0.078666 0.932346
6 0.106472 0.926817 0.121678 0.926817 0.121678 0.945252 0.106472 0.945252
6 0.733744 0.078510 0.806516 0.078510 0.806516 0.094386 0.733744 0.094386
6 0.729761 0.057516 0.813395 0.057516 0.813395 0.078510 0.729761 0.078510
1 0.241062 0.207196 0.252648 0.207196 0.252648 0.290152 0.241062 0.290152
12 0.591818 0.075438 0.629981 0.075438 0.629981 0.111284 0.591818 0.111284
10 0.391604 0.104627 0.450710 0.104627 0.450710 0.124086 0.391604 0.124086
6 0.494342 0.398948 0.519367 0.398948 0.519367 0.425493 0.494342 0.425493
6 0.408632 0.368861 0.431154 0.368861 0.431154 0.390982 0.408632 0.390982
6 0.310210 0.349552 0.328317 0.349552 0.328317 0.367475 0.310210 0.367475
6 0.113982 0.334702 0.149463 0.334702 0.149463 0.352114 0.113982 0.352114
10 0.228028 0.225119 0.240700 0.225119 0.240700 0.265060 0.228028 0.265060
6 0.045553 0.221021 0.059311 0.221021 0.059311 0.274277 0.045553 0.274277
