10 0.270934 0.848539 0.322960 0.848539 0.322960 0.861367 0.270934 0.861367
8 0.100535 0.742552 0.355418 0.742552 0.355418 0.868118 0.100535 0.868118
1 0.473313 0.706771 0.811724 0.706771 0.811724 0.726350 0.473313 0.726350
4 0.413173 0.420535 0.430833 0.420535 0.430833 0.459688 0.413173 0.459688
12 0.502429 0.270665 0.540135 0.270665 0.540135 0.308469 0.502429 0.308469
11 0.109605 0.152523 0.138721 0.152523 0.138721 0.195053 0.109605 0.195053
9 0.003166 0.006705 0.269979 0.006705 0.269979 0.063411 0.003166 0.063411
6 0.166405 0.177501 0.192179 0.177501 0.192179 0.211930 0.166405 0.211930
6 0.521043 0.338849 0.567342 0.338849 0.567342 0.361802 0.521043 0.361802
6 0.565434 0.384078 0.582140 0.384078 0.582140 0.430660 0.565434 0.430660
6 0.403149 0.600781 0.459472 0.600781 0.459472 0.623060 0.403149 0.623060
6 0.225733 0.348839 0.243872 0.348839 0.243872 0.368418 0.225733 0.368418
6 0.227166 0.406896 0.242916 0.406896 0.242916 0.429175 0.227166 0.429175
6 0.157956 0.519637 0.176571 0.519637 0.176571 0.543266 0.157956 0.543266
6 0.276328 0.448752 0.295420 0.448752 0.295420 0.471030 0.276328 0.471030
0 0.465714 0.741241 0.994953 0.741241 0.994953 0.993183 0.465714 0.993183
7 0.268728 0.806536 0.326733 0.806536 0.326733 0.819557 0.268728 0.819557
10 0.268548 0.793858 0.330599 0.793858 0.330599 0.806009 0.268548 0.806009
