8 0.457792 0.403665 0.713891 0.403665 0.713891 0.613297 0.457792 0.613297
10 0.584339 0.179758 0.666547 0.179758 0.666547 0.206679 0.584339 0.206679
10 0.582719 0.116754 0.668167 0.116754 0.668167 0.144819 0.582719 0.144819
8 0.425189 0.058331 0.681531 0.058331 0.681531 0.223861 0.425189 0.223861
12 0.361625 0.089291 0.390872 0.089291 0.390872 0.117533 0.361625 0.117533
9 0.007792 0.010218 0.269034 0.010218 0.269034 0.057758 0.007792 0.057758
12 0.314407 0.316372 0.345061 0.316372 0.345061 0.344613 0.314407 0.344613
10 0.613569 0.545254 0.703472 0.545254 0.703472 0.577557 0.613569 0.577557
10 0.618916 0.469647 0.695697 0.469647 0.695697 0.497828 0.618916 0.497828
6 0.192889 0.129069 0.207233 0.129069 0.207233 0.142990 0.192889 0.142990
6 0.267414 0.128273 0.280351 0.128273 0.280351 0.142591 0.267414 0.142591
6 0.314661 0.127078 0.327878 0.127078 0.327878 0.141795 0.314661 0.141795
6 0.077883 0.163188 0.087257 0.163188 0.087257 0.180094 0.077883 0.180094
6 0.096162 0.176115 0.105068 0.176115 0.105068 0.192025 0.096162 0.192025
6 0.148474 0.214001 0.170932 0.214001 0.170932 0.228919 0.148474 0.228919
6 0.139147 0.709712 0.151803 0.709712 0.151803 0.724826 0.139147 0.724826
6 0.094380 0.798563 0.103060 0.798563 0.103060 0.814485 0.094380 0.814485
6 0.129861 0.839507 0.182827 0.839507 0.182827 0.854090 0.129861 0.854090
6 0.225244 0.863041 0.241649 0.863041 0.241649 0.877625 0.225244 0.877625
6 0.117549 0.541899 0.154390 0.541899 0.154390 0.557013 0.117549 0.557013
6 0.201072 0.453200 0.208385 0.453200 0.208385 0.466722 0.201072 0.466722
6 0.026981 0.576981 0.036940 0.576981 0.036940 0.617586 0.026981 0.617586
6 0.056470 0.609852 0.067407 0.609852 0.067407 0.671173 0.056470 0.671173
6 0.141425 0.124693 0.152955 0.124693 0.152955 0.139011 0.141425 0.139011
6 0.292191 0.388365 0.299783 0.388365 0.299783 0.401490 0.292191 0.401490
6 0.206980 0.388365 0.216540 0.388365 0.216540 0.402685 0.206980 0.402685
6 0.225540 0.316768 0.240164 0.316768 0.240164 0.332680 0.225540 0.332680
0 0.471921 0.747046 0.993956 0.747046 0.993956 0.992501 0.471921 0.992501
5 0.325853 0.724748 0.344977 0.724748 0.344977 0.752591 0.325853 0.752591
