6 0.172625 0.328650 0.188663 0.328650 0.188663 0.354574 0.172625 0.354574
0 0.466456 0.748123 0.996836 0.748123 0.996836 0.991967 0.466456 0.991967
1 0.471611 0.702758 0.674944 0.702758 0.674944 0.742453 0.471611 0.742453
11 0.268278 0.868019 0.300352 0.868019 0.300352 0.910955 0.268278 0.910955
4 0.205273 0.920675 0.248232 0.920675 0.248232 0.942550 0.205273 0.942550
10 0.202410 0.528585 0.248805 0.528585 0.248805 0.552078 0.202410 0.552078
8 0.392001 0.224439 0.583588 0.224439 0.583588 0.322888 0.392001 0.322888
7 0.511991 0.281164 0.568341 0.281164 0.568341 0.295230 0.511991 0.295230
10 0.513980 0.269444 0.567014 0.269444 0.567014 0.281633 0.513980 0.281633
6 0.290845 0.798561 0.323149 0.798561 0.323149 0.838418 0.290845 0.838418
6 0.090147 0.718846 0.108018 0.718846 0.108018 0.742177 0.090147 0.742177
6 0.112829 0.610941 0.125888 0.610941 0.125888 0.657603 0.112829 0.657603
6 0.211115 0.494284 0.241358 0.494284 0.241358 0.511783 0.211115 0.511783
6 0.259687 0.329461 0.275151 0.329461 0.275151 0.353764 0.259687 0.353764
6 0.262550 0.223336 0.275151 0.223336 0.275151 0.242779 0.262550 0.242779
6 0.169762 0.221717 0.186372 0.221717 0.186372 0.241159 0.169762 0.241159
4 0.120503 0.083999 0.145705 0.083999 0.145705 0.101011 0.120503 0.101011
9 0.005377 0.004608 0.272860 0.004608 0.272860 0.060506 0.005377 0.060506
