6 0.444808 0.398810 0.472873 0.398810 0.472873 0.424734 0.444808 0.424734
6 0.358712 0.541855 0.377274 0.541855 0.377274 0.563420 0.358712 0.563420
12 0.855656 0.447741 0.900332 0.447741 0.900332 0.489865 0.855656 0.489865
12 0.927252 0.441258 0.969063 0.441258 0.969063 0.487436 0.927252 0.487436
1 0.473046 0.704543 0.815562 0.704543 0.815562 0.726418 0.473046 0.726418
0 0.468464 0.742620 0.994838 0.742620 0.994838 0.998612 0.468464 0.998612
10 0.215266 0.795428 0.263051 0.795428 0.263051 0.806756 0.215266 0.806756
7 0.205045 0.805201 0.270510 0.805201 0.270510 0.823164 0.205045 0.823164
6 0.081062 0.446120 0.112564 0.446120 0.112564 0.471098 0.081062 0.471098
8 0.079918 0.738778 0.285977 0.738778 0.285977 0.860281 0.079918 0.860281
12 0.843799 0.198227 0.887329 0.198227 0.887329 0.252504 0.843799 0.252504
6 0.015647 0.569514 0.029569 0.569514 0.029569 0.592956 0.015647 0.592956
6 0.035534 0.528728 0.048793 0.528728 0.048793 0.570922 0.035534 0.570922
6 0.510860 0.541855 0.528090 0.541855 0.528090 0.560138 0.510860 0.560138
6 0.085918 0.544669 0.099839 0.544669 0.099839 0.562013 0.085918 0.562013
6 0.235738 0.542325 0.251317 0.542325 0.251317 0.565295 0.235738 0.565295
6 0.766080 0.540917 0.781659 0.540917 0.781659 0.563420 0.766080 0.563420
6 0.613607 0.543730 0.631507 0.543730 0.631507 0.562013 0.613607 0.562013
6 0.042449 0.254269 0.063070 0.254269 0.063070 0.307738 0.042449 0.307738
9 0.003959 0.009294 0.271327 0.009294 0.271327 0.061790 0.003959 0.061790
