5 0.071185 0.270267 0.128486 0.270267 0.128486 0.292141 0.071185 0.292141
6 0.496347 0.387733 0.597194 0.387733 0.597194 0.407986 0.496347 0.407986
6 0.731277 0.386922 0.764509 0.386922 0.764509 0.412035 0.731277 0.412035
9 0.029482 0.010575 0.765481 0.010575 0.765481 0.084070 0.029482 0.084070
6 0.904320 0.526262 0.944427 0.526262 0.944427 0.585397 0.904320 0.585397
6 0.795452 0.660739 0.822956 0.660739 0.822956 0.672079 0.795452 0.672079
6 0.072332 0.538413 0.129632 0.538413 0.129632 0.575677 0.072332 0.575677
6 0.894006 0.332644 0.927238 0.332644 0.927238 0.360999 0.894006 0.360999
6 0.789719 0.352897 0.825244 0.352897 0.825244 0.374771 0.789719 0.374771
11 0.766802 0.676939 0.830977 0.676939 0.830977 0.716635 0.766802 0.716635
0 0.028786 0.766053 0.989119 0.766053 0.989119 0.989641 0.028786 0.989641
6 0.260276 0.387733 0.340493 0.387733 0.340493 0.409607 0.260276 0.409607
6 0.455094 0.421758 0.495201 0.421758 0.495201 0.446060 0.455094 0.446060
1 0.037954 0.749850 0.322158 0.749850 0.322158 0.763622 0.037954 0.763622
10 0.194954 0.534360 0.387479 0.534360 0.387479 0.562715 0.194954 0.562715
10 0.569690 0.531122 0.733566 0.531122 0.733566 0.559473 0.569690 0.559473
12 0.830977 0.230571 0.920363 0.230571 0.920363 0.269456 0.830977 0.269456
