6 0.257079 0.815853 0.267014 0.815853 0.267014 0.826636 0.257079 0.826636
6 0.253106 0.784442 0.262046 0.784442 0.262046 0.793819 0.253106 0.793819
6 0.217344 0.760534 0.227277 0.760534 0.227277 0.772252 0.217344 0.772252
6 0.168004 0.764753 0.177938 0.764753 0.177938 0.776003 0.168004 0.776003
6 0.759115 0.884158 0.994552 0.884158 0.994552 0.992454 0.759115 0.992454
6 0.760378 0.865632 0.851717 0.865632 0.851717 0.883604 0.760378 0.883604
6 0.570196 0.672521 0.616006 0.672521 0.616006 0.754134 0.570196 0.754134
6 0.429960 0.415027 0.441273 0.415027 0.441273 0.434170 0.429960 0.434170
6 0.146204 0.588486 0.156690 0.588486 0.156690 0.603333 0.146204 0.603333
6 0.252444 0.885237 0.262377 0.885237 0.262377 0.896020 0.252444 0.896020
7 0.466978 0.813289 0.509163 0.813289 0.509163 0.822709 0.466978 0.822709
10 0.468155 0.879403 0.509630 0.879403 0.509630 0.890551 0.468155 0.890551
3 0.470262 0.889766 0.507746 0.889766 0.507746 0.900284 0.470262 0.900284
8 0.353107 0.764900 0.525900 0.764900 0.525900 0.927845 0.353107 0.927845
6 0.069054 0.325678 0.081229 0.325678 0.081229 0.355841 0.069054 0.355841
6 0.095977 0.229554 0.110025 0.229554 0.110025 0.259718 0.095977 0.259718
11 0.168556 0.576766 0.185941 0.576766 0.185941 0.598644 0.168556 0.598644
9 0.007681 0.008444 0.281194 0.008444 0.281194 0.053811 0.007681 0.053811
6 0.199369 0.058671 0.215390 0.058671 0.215390 0.077303 0.199369 0.077303
6 0.457891 0.155396 0.504342 0.155396 0.504342 0.171674 0.457891 0.171674
6 0.519200 0.201466 0.532711 0.201466 0.532711 0.245346 0.519200 0.245346
6 0.095353 0.414691 0.110585 0.414691 0.110585 0.482668 0.095353 0.482668
6 0.164832 0.816280 0.172975 0.816280 0.172975 0.827811 0.164832 0.827811
6 0.171647 0.905396 0.180587 0.905396 0.180587 0.917116 0.171647 0.917116
6 0.217344 0.886174 0.227939 0.886174 0.227939 0.897426 0.217344 0.897426
4 0.192563 0.654120 0.223469 0.654120 0.223469 0.675608 0.192563 0.675608
10 0.473498 0.802738 0.504106 0.802738 0.504106 0.814041 0.473498 0.814041
10 0.727485 0.684197 0.774946 0.684197 0.774946 0.751828 0.727485 0.751828
12 0.633039 0.460390 0.670029 0.460390 0.670029 0.496201 0.633039 0.496201
11 0.424441 0.382210 0.442929 0.382210 0.442929 0.406432 0.424441 0.406432
4 0.288041 0.589268 0.366685 0.589268 0.366685 0.624430 0.288041 0.624430
