4 0.226783 0.259930 0.240149 0.259930 0.240149 0.295034 0.226783 0.295034
9 0.007212 0.008500 0.273551 0.008500 0.273551 0.064398 0.007212 0.064398
4 0.174756 0.111410 0.241580 0.111410 0.241580 0.140440 0.174756 0.140440
1 0.239672 0.236976 0.254944 0.236976 0.254944 0.321364 0.239672 0.321364
10 0.401955 0.157992 0.461141 0.157992 0.461141 0.182970 0.401955 0.182970
12 0.537033 0.108036 0.581423 0.108036 0.581423 0.157992 0.537033 0.157992
10 0.744236 0.371817 0.830086 0.371817 0.830086 0.388224 0.744236 0.388224
3 0.747883 0.391507 0.822793 0.391507 0.822793 0.407915 0.747883 0.407915
11 0.062141 0.790982 0.081616 0.790982 0.081616 0.811234 0.062141 0.811234
1 0.473862 0.706894 0.663195 0.706894 0.663195 0.741212 0.473862 0.741212
0 0.469323 0.745697 0.996843 0.745697 0.996843 0.996021 0.469323 0.996021
6 0.476711 0.455435 0.504204 0.455435 0.504204 0.481359 0.476711 0.481359
6 0.043975 0.253179 0.065454 0.253179 0.065454 0.307862 0.043975 0.307862
6 0.109843 0.357143 0.146119 0.357143 0.146119 0.377395 0.109843 0.377395
6 0.310790 0.366594 0.330359 0.366594 0.330359 0.388198 0.310790 0.388198
6 0.386213 0.414119 0.405688 0.414119 0.405688 0.437612 0.386213 0.437612
6 0.050686 0.736705 0.068442 0.736705 0.068442 0.760198 0.050686 0.760198
