9 0.007272 0.009947 0.269312 0.009947 0.269312 0.059903 0.007272 0.059903
0 0.469889 0.745905 0.995278 0.745905 0.995278 0.993215 0.469889 0.993215
6 0.302526 0.444591 0.324801 0.444591 0.324801 0.463157 0.302526 0.463157
6 0.064643 0.600825 0.080452 0.600825 0.080452 0.630960 0.064643 0.630960
6 0.090075 0.629015 0.103821 0.629015 0.103821 0.657209 0.090075 0.657209
6 0.318045 0.572206 0.329593 0.572206 0.329593 0.594371 0.318045 0.594371
6 0.369578 0.569683 0.381009 0.569683 0.381009 0.592779 0.369578 0.592779
6 0.417479 0.570452 0.431086 0.570452 0.431086 0.594318 0.417479 0.594318
6 0.467556 0.569683 0.480621 0.569683 0.480621 0.592779 0.467556 0.592779
6 0.200263 0.705477 0.239639 0.705477 0.239639 0.722852 0.200263 0.722852
6 0.155798 0.402900 0.171912 0.402900 0.171912 0.419831 0.155798 0.419831
6 0.060245 0.270885 0.071929 0.270885 0.071929 0.299076 0.060245 0.299076
6 0.520751 0.233943 0.534498 0.233943 0.534498 0.263108 0.520751 0.263108
6 0.581235 0.329211 0.590859 0.329211 0.590859 0.354487 0.581235 0.354487
12 0.057166 0.138014 0.100879 0.138014 0.100879 0.156679 0.057166 0.156679
12 0.522347 0.125181 0.561936 0.125181 0.561936 0.161345 0.522347 0.161345
5 0.251816 0.352661 0.270785 0.352661 0.270785 0.374826 0.251816 0.374826
8 0.145290 0.763737 0.282754 0.763737 0.282754 0.861761 0.145290 0.861761
10 0.744910 0.387997 0.820484 0.387997 0.820484 0.404311 0.744910 0.404311
3 0.734967 0.404874 0.826848 0.404874 0.826848 0.420627 0.734967 0.420627
