12 0.417698 0.481577 0.460084 0.481577 0.460084 0.514792 0.417698 0.514792
0 0.468816 0.743338 0.994207 0.743338 0.994207 0.990648 0.468816 0.990648
1 0.472116 0.703677 0.813578 0.703677 0.813578 0.730508 0.472116 0.730508
12 0.096099 0.129910 0.132851 0.129910 0.132851 0.167039 0.096099 0.167039
4 0.074265 0.283991 0.088013 0.283991 0.088013 0.322879 0.074265 0.322879
6 0.259557 0.195206 0.307096 0.195206 0.307096 0.213026 0.259557 0.213026
6 0.244666 0.322392 0.256121 0.322392 0.256121 0.349124 0.244666 0.349124
6 0.157031 0.435806 0.186243 0.435806 0.186243 0.458488 0.157031 0.458488
6 0.167341 0.471451 0.206858 0.471451 0.206858 0.490893 0.167341 0.490893
6 0.307669 0.478742 0.320843 0.478742 0.320843 0.520868 0.307669 0.520868
6 0.370788 0.330818 0.392553 0.330818 0.392553 0.356739 0.370788 0.356739
6 0.444276 0.284722 0.464322 0.284722 0.464322 0.302545 0.444276 0.302545
6 0.482391 0.242233 0.497108 0.242233 0.497108 0.259110 0.482391 0.259110
6 0.452162 0.389066 0.469265 0.389066 0.469265 0.404819 0.452162 0.404819
3 0.378177 0.126427 0.403952 0.126427 0.403952 0.144250 0.378177 0.144250
8 0.625504 0.512944 0.787789 0.512944 0.787789 0.590578 0.625504 0.590578
10 0.733694 0.537697 0.771481 0.537697 0.771481 0.551761 0.733694 0.551761
10 0.729318 0.573701 0.775061 0.573701 0.775061 0.589453 0.729318 0.589453
3 0.725617 0.550803 0.777017 0.550803 0.777017 0.565455 0.725617 0.565455
9 0.007252 0.009966 0.271254 0.009966 0.271254 0.060614 0.007252 0.060614
