6 0.250822 0.654203 0.286773 0.654203 0.286773 0.672986 0.250822 0.672986
6 0.071224 0.542137 0.097005 0.542137 0.097005 0.564388 0.071224 0.564388
12 0.100513 0.400109 0.185588 0.400109 0.185588 0.439726 0.100513 0.439726
10 0.400706 0.645780 0.607320 0.645780 0.607320 0.667257 0.400706 0.667257
1 0.038476 0.746597 0.355283 0.746597 0.355283 0.766070 0.038476 0.766070
0 0.036401 0.766395 0.978931 0.766395 0.978931 0.984884 0.036401 0.984884
6 0.291679 0.190209 0.333000 0.190209 0.333000 0.210828 0.291679 0.210828
6 0.164470 0.268105 0.196880 0.268105 0.196880 0.316218 0.164470 0.316218
6 0.363788 0.358030 0.399439 0.358030 0.399439 0.379224 0.363788 0.379224
9 0.038529 0.016354 0.764577 0.016354 0.764577 0.080742 0.038529 0.080742
6 0.558249 0.308198 0.584983 0.308198 0.584983 0.332254 0.558249 0.332254
6 0.120881 0.541943 0.146391 0.541943 0.146391 0.564579 0.120881 0.564579
6 0.178186 0.542828 0.202409 0.542828 0.202409 0.565756 0.178186 0.565756
