8 0.123325 0.733708 0.278524 0.733708 0.278524 0.853440 0.123325 0.853440
8 0.456073 0.143926 0.585519 0.143926 0.585519 0.239519 0.456073 0.239519
9 0.006359 0.009577 0.271115 0.009577 0.271115 0.058573 0.006359 0.058573
0 0.468309 0.745283 0.994110 0.745283 0.994110 0.993176 0.468309 0.993176
6 0.510946 0.299393 0.521909 0.299393 0.521909 0.315431 0.510946 0.315431
11 0.543371 0.329047 0.562314 0.329047 0.562314 0.354915 0.543371 0.354915
6 0.513988 0.650443 0.531406 0.650443 0.531406 0.695866 0.513988 0.695866
6 0.362121 0.643512 0.375729 0.643512 0.375729 0.687397 0.362121 0.687397
6 0.253255 0.657371 0.284281 0.657371 0.284281 0.676618 0.253255 0.676618
6 0.256521 0.594240 0.267407 0.594240 0.267407 0.609640 0.256521 0.609640
6 0.269041 0.445653 0.278295 0.445653 0.278295 0.464901 0.269041 0.464901
6 0.215151 0.445653 0.222772 0.445653 0.222772 0.464901 0.215151 0.464901
6 0.267951 0.372516 0.276662 0.372516 0.276662 0.394071 0.267951 0.394071
6 0.269041 0.352499 0.278293 0.352499 0.278293 0.370206 0.269041 0.370206
6 0.212974 0.361737 0.223862 0.361737 0.223862 0.377905 0.212974 0.377905
6 0.284999 0.503249 0.334455 0.503249 0.334455 0.519734 0.284999 0.519734
6 0.085601 0.608396 0.096942 0.608396 0.096942 0.630227 0.085601 0.630227
6 0.105762 0.501913 0.118362 0.501913 0.118362 0.554485 0.105762 0.554485
6 0.086581 0.452199 0.099641 0.452199 0.099641 0.481454 0.086581 0.481454
6 0.063720 0.472216 0.080593 0.472216 0.080593 0.508399 0.063720 0.508399
6 0.236272 0.284364 0.254235 0.284364 0.254235 0.302071 0.236272 0.302071
6 0.164421 0.281284 0.182928 0.281284 0.182928 0.302842 0.164421 0.302842
6 0.334043 0.154219 0.349174 0.154219 0.349174 0.170977 0.334043 0.170977
6 0.280316 0.183665 0.296193 0.183665 0.296193 0.205477 0.280316 0.205477
6 0.225885 0.208043 0.241307 0.208043 0.241307 0.224724 0.225885 0.224724
6 0.154214 0.145810 0.170544 0.145810 0.170544 0.163776 0.154214 0.163776
6 0.097058 0.136829 0.109761 0.136829 0.109761 0.188147 0.097058 0.188147
6 0.073019 0.173399 0.086174 0.173399 0.086174 0.198420 0.073019 0.198420
6 0.153761 0.097695 0.206379 0.097695 0.206379 0.118866 0.153761 0.118866
6 0.234503 0.073314 0.256277 0.073314 0.256277 0.090636 0.234503 0.090636
12 0.370248 0.077112 0.409441 0.077112 0.409441 0.113696 0.370248 0.113696
9 0.777335 0.457063 0.956509 0.457063 0.956509 0.513735 0.777335 0.513735
10 0.550265 0.515561 0.627441 0.515561 0.627441 0.532269 0.550265 0.532269
10 0.100280 0.675731 0.175882 0.675731 0.175882 0.693551 0.100280 0.693551
12 0.295512 0.281055 0.335882 0.281055 0.335882 0.319548 0.295512 0.319548
10 0.526071 0.207223 0.581048 0.207223 0.581048 0.231858 0.526071 0.231858
10 0.525528 0.177966 0.581594 0.177966 0.581594 0.197983 0.525528 0.197983
3 0.555399 0.532966 0.621550 0.532966 0.621550 0.549451 0.555399 0.549451
3 0.103494 0.693299 0.170778 0.693299 0.170778 0.710155 0.103494 0.710155
3 0.215006 0.792489 0.266036 0.792489 0.266036 0.804253 0.215006 0.804253
10 0.214250 0.827775 0.265280 0.827775 0.265280 0.843815 0.214250 0.843815
10 0.209713 0.779124 0.268303 0.779124 0.268303 0.793024 0.209713 0.793024
