6 0.546367 0.306531 0.555979 0.306531 0.555979 0.325752 0.546367 0.325752
6 0.427040 0.213706 0.439304 0.213706 0.439304 0.264806 0.427040 0.264806
6 0.474108 0.220738 0.492006 0.220738 0.492006 0.239490 0.474108 0.239490
6 0.588131 0.379197 0.601389 0.379197 0.601389 0.415295 0.588131 0.415295
6 0.405704 0.557291 0.420344 0.557291 0.420344 0.573309 0.405704 0.573309
6 0.262347 0.551430 0.300188 0.551430 0.300188 0.574090 0.262347 0.574090
6 0.354604 0.603000 0.373939 0.603000 0.373939 0.622143 0.354604 0.622143
6 0.200197 0.570181 0.215114 0.570181 0.215114 0.586981 0.200197 0.586981
9 0.008885 0.011555 0.267746 0.011555 0.267746 0.056166 0.008885 0.056166
12 0.106846 0.230583 0.143638 0.230583 0.143638 0.265276 0.106846 0.265276
4 0.273903 0.257305 0.285505 0.257305 0.285505 0.295278 0.273903 0.295278
4 0.620946 0.378258 0.635199 0.378258 0.635199 0.415764 0.620946 0.415764
11 0.563272 0.376384 0.577193 0.376384 0.577193 0.400293 0.563272 0.400293
4 0.109403 0.379260 0.122386 0.379260 0.122386 0.414030 0.109403 0.414030
0 0.471719 0.748113 0.992824 0.748113 0.992824 0.990012 0.471719 0.990012
