6 0.425326 0.213984 0.440056 0.213984 0.440056 0.266725 0.425326 0.266725
6 0.008521 0.010593 0.269131 0.010593 0.269131 0.058389 0.008521 0.058389
12 0.082408 0.226892 0.121356 0.226892 0.121356 0.265776 0.082408 0.265776
4 0.246793 0.258486 0.262258 0.258486 0.262258 0.294132 0.246793 0.294132
4 0.084700 0.377571 0.098445 0.377571 0.098445 0.414836 0.084700 0.414836
3 0.588341 0.380997 0.601922 0.380997 0.601922 0.414531 0.588341 0.414531
4 0.621257 0.378067 0.635528 0.378067 0.635528 0.415508 0.621257 0.415508
6 0.474011 0.220491 0.492340 0.220491 0.492340 0.239124 0.474011 0.239124
6 0.545066 0.307421 0.556345 0.307421 0.556345 0.324023 0.545066 0.324023
6 0.393330 0.556867 0.407371 0.556867 0.407371 0.573471 0.393330 0.573471
6 0.341539 0.605051 0.362256 0.605051 0.362256 0.622632 0.341539 0.622632
6 0.238209 0.551105 0.275269 0.551105 0.275269 0.573568 0.238209 0.573568
6 0.173479 0.567136 0.195244 0.567136 0.195244 0.590629 0.173479 0.590629
11 0.562442 0.377114 0.578353 0.377114 0.578353 0.400743 0.562442 0.400743
0 0.470344 0.747385 0.994428 0.747385 0.994428 0.992847 0.470344 0.992847
