4 0.249157 0.253012 0.261587 0.253012 0.261587 0.289344 0.249157 0.289344
6 0.096325 0.710955 0.108921 0.710955 0.108921 0.732521 0.096325 0.732521
6 0.439473 0.452257 0.462952 0.452257 0.462952 0.472182 0.439473 0.472182
6 0.396658 0.410844 0.416547 0.410844 0.416547 0.430769 0.396658 0.430769
6 0.323460 0.363573 0.337547 0.363573 0.337547 0.382716 0.323460 0.382716
6 0.087204 0.348928 0.123398 0.348928 0.123398 0.366933 0.087204 0.366933
6 0.026744 0.248229 0.042256 0.248229 0.042256 0.298297 0.026744 0.298297
0 0.469542 0.745588 0.996968 0.745588 0.996968 0.994023 0.469542 0.994023
1 0.470975 0.706434 0.666670 0.706434 0.666670 0.740864 0.470975 0.740864
11 0.074780 0.749398 0.090027 0.749398 0.090027 0.775651 0.074780 0.775651
3 0.645511 0.382131 0.720894 0.382131 0.720894 0.400307 0.645511 0.400307
10 0.641866 0.365039 0.724156 0.365039 0.724156 0.380774 0.641866 0.380774
10 0.407874 0.154390 0.468731 0.154390 0.468731 0.172956 0.407874 0.172956
12 0.550270 0.100946 0.589649 0.100946 0.589649 0.143703 0.550270 0.143703
1 0.262140 0.233087 0.275398 0.233087 0.275398 0.315520 0.262140 0.315520
4 0.143287 0.123899 0.206131 0.123899 0.206131 0.149216 0.143287 0.149216
9 0.002379 0.005989 0.274558 0.005989 0.274558 0.066260 0.002379 0.066260
