1 0.469896 0.705515 0.810693 0.705515 0.810693 0.725769 0.469896 0.725769
6 0.406721 0.650975 0.456441 0.650975 0.456441 0.670102 0.406721 0.670102
6 0.123161 0.546843 0.139867 0.546843 0.139867 0.569797 0.123161 0.569797
6 0.309311 0.473258 0.327448 0.473258 0.327448 0.496212 0.309311 0.496212
6 0.188551 0.405075 0.203826 0.405075 0.203826 0.429378 0.188551 0.429378
6 0.226735 0.293684 0.246783 0.293684 0.246783 0.319337 0.226735 0.319337
6 0.520334 0.342796 0.565081 0.342796 0.565081 0.362487 0.520334 0.362487
6 0.566738 0.387334 0.580328 0.387334 0.580328 0.426715 0.566738 0.426715
6 0.168505 0.174025 0.192767 0.174025 0.192767 0.213406 0.168505 0.213406
12 0.503653 0.219424 0.538656 0.219424 0.538656 0.260493 0.503653 0.260493
9 0.005822 0.008065 0.272319 0.008065 0.272319 0.060385 0.005822 0.060385
11 0.076225 0.152646 0.102080 0.152646 0.102080 0.195404 0.076225 0.195404
4 0.413934 0.416870 0.428185 0.416870 0.428185 0.462813 0.413934 0.462813
8 0.102899 0.746788 0.353983 0.746788 0.353983 0.868287 0.102899 0.868287
10 0.273852 0.848246 0.323084 0.848246 0.323084 0.862039 0.273852 0.862039
7 0.267737 0.806437 0.328505 0.806437 0.328505 0.820762 0.267737 0.820762
10 0.269945 0.794311 0.329608 0.794311 0.329608 0.806030 0.269945 0.806030
0 0.466458 0.741161 0.996843 0.741161 0.996843 0.996345 0.466458 0.996345
