12 0.248244 0.584022 0.365133 0.584022 0.365133 0.628577 0.248244 0.628577
3 0.501505 0.547565 0.558805 0.547565 0.558805 0.569439 0.501505 0.569439
3 0.494809 0.281713 0.552908 0.281713 0.552908 0.303656 0.494809 0.303656
10 0.522666 0.249648 0.649202 0.249648 0.649202 0.272712 0.522666 0.272712
4 0.416821 0.103379 0.469342 0.103379 0.469342 0.123632 0.416821 0.123632
6 0.215477 0.371163 0.248104 0.371163 0.248104 0.403793 0.215477 0.403793
1 0.039681 0.747921 0.351640 0.747921 0.351640 0.764234 0.039681 0.764234
6 0.483169 0.680424 0.553072 0.680424 0.553072 0.739562 0.483169 0.739562
9 0.030252 0.013803 0.774228 0.013803 0.774228 0.079908 0.030252 0.079908
6 0.158974 0.340222 0.184441 0.340222 0.184441 0.374538 0.158974 0.374538
6 0.212293 0.197329 0.241737 0.197329 0.241737 0.220393 0.212293 0.220393
6 0.212293 0.152322 0.238553 0.152322 0.238553 0.175951 0.212293 0.175951
6 0.316289 0.090602 0.350672 0.090602 0.350672 0.134347 0.316289 0.134347
0 0.033314 0.765359 0.981616 0.765359 0.981616 0.990783 0.033314 0.990783
