6 0.586243 0.669673 0.634291 0.669673 0.634291 0.689848 0.586243 0.689848
10 0.904883 0.540554 0.948331 0.540554 0.948331 0.552845 0.904883 0.552845
7 0.896555 0.554381 0.957744 0.554381 0.957744 0.566669 0.896555 0.566669
8 0.732184 0.481664 0.981278 0.481664 0.981278 0.610709 0.732184 0.610709
1 0.471151 0.704927 0.669350 0.704927 0.669350 0.739969 0.471151 0.739969
0 0.462894 0.744216 0.996679 0.744216 0.996679 0.990561 0.462894 0.990561
6 0.542699 0.443503 0.562969 0.443503 0.562969 0.467925 0.542699 0.467925
9 0.003338 0.007443 0.275517 0.007443 0.275517 0.064799 0.003338 0.064799
11 0.260397 0.069659 0.276892 0.069659 0.276892 0.091045 0.260397 0.091045
6 0.265895 0.104657 0.275517 0.104657 0.275517 0.121183 0.265895 0.121183
6 0.261084 0.173677 0.299574 0.173677 0.299574 0.236865 0.261084 0.236865
12 0.167922 0.297264 0.212967 0.297264 0.212967 0.332941 0.167922 0.332941
10 0.039321 0.394814 0.059653 0.394814 0.059653 0.432419 0.039321 0.432419
6 0.310715 0.406338 0.324230 0.406338 0.324230 0.424388 0.310715 0.424388
11 0.342247 0.418016 0.357262 0.418016 0.357262 0.442441 0.342247 0.442441
4 0.361767 0.458367 0.382788 0.458367 0.382788 0.514644 0.361767 0.514644
4 0.391047 0.461553 0.409064 0.461553 0.409064 0.508273 0.391047 0.508273
6 0.154560 0.622954 0.172577 0.622954 0.172577 0.647375 0.154560 0.647375
6 0.196602 0.664364 0.220626 0.664364 0.220626 0.685602 0.196602 0.685602
6 0.232637 0.625077 0.272427 0.625077 0.272427 0.651623 0.232637 0.651623
6 0.476632 0.453058 0.492398 0.453058 0.492398 0.519954 0.476632 0.519954
6 0.630537 0.391471 0.650807 0.391471 0.650807 0.412709 0.630537 0.412709
6 0.632039 0.567736 0.649306 0.567736 0.649306 0.590036 0.632039 0.590036
6 0.660566 0.439255 0.688344 0.439255 0.688344 0.459429 0.660566 0.459429
