12 0.477934 0.060230 0.519861 0.060230 0.519861 0.103974 0.477934 0.103974
5 0.468105 0.516372 0.493674 0.516372 0.493674 0.554867 0.468105 0.554867
5 0.369131 0.503539 0.389750 0.503539 0.389750 0.525704 0.369131 0.525704
10 0.361553 0.900053 0.420024 0.900053 0.420024 0.913553 0.361553 0.913553
6 0.330424 0.418977 0.347607 0.418977 0.347607 0.442470 0.330424 0.442470
6 0.364789 0.418166 0.380255 0.418166 0.380255 0.439231 0.364789 0.439231
6 0.274293 0.630416 0.328132 0.630416 0.328132 0.651478 0.274293 0.651478
6 0.090696 0.154332 0.103756 0.154332 0.103756 0.180578 0.090696 0.180578
6 0.305794 0.658769 0.328132 0.658769 0.328132 0.680641 0.305794 0.680641
6 0.262494 0.866318 0.294568 0.866318 0.294568 0.890622 0.262494 0.890622
6 0.344972 0.865508 0.363874 0.865508 0.363874 0.887380 0.344972 0.887380
9 0.005331 0.006081 0.270638 0.006081 0.270638 0.066355 0.005331 0.066355
10 0.660253 0.147429 0.731849 0.147429 0.731849 0.162956 0.660253 0.162956
10 0.668844 0.179833 0.722779 0.179833 0.722779 0.194686 0.668844 0.194686
10 0.086704 0.397112 0.138014 0.397112 0.138014 0.413425 0.086704 0.413425
10 0.330528 0.736906 0.380248 0.736906 0.380248 0.754344 0.330528 0.754344
6 0.100742 0.537252 0.115062 0.537252 0.115062 0.564797 0.100742 0.564797
6 0.120790 0.542114 0.136254 0.542114 0.136254 0.594770 0.120790 0.594770
6 0.141409 0.598822 0.155729 0.598822 0.155729 0.619884 0.141409 0.619884
6 0.013682 0.550215 0.028574 0.550215 0.028574 0.575327 0.013682 0.575327
6 0.183222 0.359840 0.196968 0.359840 0.196968 0.383333 0.183222 0.383333
6 0.307513 0.362269 0.329851 0.362269 0.329851 0.384144 0.307513 0.384144
6 0.260546 0.418977 0.277729 0.418977 0.277729 0.439231 0.260546 0.439231
6 0.350470 0.385762 0.361353 0.385762 0.361353 0.402775 0.350470 0.402775
8 0.500850 0.111693 0.757359 0.111693 0.757359 0.210851 0.500850 0.210851
0 0.469507 0.742799 0.997371 0.742799 0.997371 0.995941 0.469507 0.995941
12 0.459116 0.465627 0.501180 0.465627 0.501180 0.505290 0.459116 0.505290
3 0.075765 0.414608 0.144180 0.414608 0.144180 0.435423 0.075765 0.435423
12 0.024301 0.367421 0.066915 0.367421 0.066915 0.408251 0.024301 0.408251
6 0.112004 0.170859 0.123002 0.170859 0.123002 0.194190 0.112004 0.194190
6 0.182798 0.110585 0.197231 0.110585 0.197231 0.130029 0.182798 0.130029
6 0.244655 0.111558 0.261153 0.111558 0.261153 0.132944 0.244655 0.132944
6 0.375249 0.111558 0.393805 0.111558 0.393805 0.135861 0.375249 0.135861
6 0.439169 0.105726 0.461851 0.105726 0.461851 0.131001 0.439169 0.131001
6 0.199294 0.228212 0.226786 0.228212 0.226786 0.254461 0.199294 0.254461
3 0.351339 0.915883 0.424845 0.915883 0.424845 0.937487 0.351339 0.937487
3 0.316973 0.754536 0.387614 0.754536 0.387614 0.774115 0.316973 0.774115
