12 0.538799 0.324037 0.574885 0.324037 0.574885 0.366971 0.538799 0.366971
6 0.477594 0.613181 0.508522 0.613181 0.508522 0.637482 0.477594 0.637482
6 0.186880 0.542859 0.206928 0.542859 0.206928 0.559736 0.186880 0.559736
6 0.101921 0.534758 0.121012 0.534758 0.121012 0.558387 0.101921 0.558387
6 0.133899 0.387588 0.150128 0.387588 0.150128 0.410542 0.133899 0.410542
6 0.162538 0.446998 0.180198 0.446998 0.180198 0.468599 0.162538 0.468599
6 0.339388 0.496756 0.385129 0.496756 0.385129 0.521601 0.339388 0.521601
6 0.309224 0.439560 0.329774 0.439560 0.329774 0.488786 0.309224 0.488786
6 0.432230 0.654008 0.486528 0.654008 0.486528 0.674424 0.432230 0.674424
8 0.005321 0.011388 0.268989 0.011388 0.268989 0.055065 0.005321 0.055065
0 0.462473 0.740530 0.995835 0.740530 0.995835 0.997170 0.462473 0.997170
1 0.472095 0.703587 0.812319 0.703587 0.812319 0.731780 0.472095 0.731780
8 0.623285 0.510960 0.789348 0.510960 0.789348 0.592063 0.623285 0.592063
4 0.741618 0.574719 0.762169 0.574719 0.762169 0.587375 0.741618 0.587375
3 0.726371 0.550808 0.777748 0.550808 0.777748 0.563466 0.726371 0.563466
10 0.733663 0.539557 0.771780 0.539557 0.771780 0.550808 0.733663 0.550808
3 0.016482 0.474676 0.033665 0.474676 0.033665 0.507080 0.016482 0.507080
