1 0.472499 0.703302 0.666497 0.703302 0.666497 0.742104 0.472499 0.742104
0 0.469395 0.746021 0.994041 0.746021 0.994041 0.992281 0.469395 0.992281
4 0.258045 0.102441 0.317920 0.102441 0.317920 0.128104 0.258045 0.128104
4 0.282223 0.299115 0.294596 0.299115 0.294596 0.341613 0.282223 0.341613
6 0.052562 0.290522 0.072157 0.290522 0.072157 0.353345 0.052562 0.353345
6 0.156419 0.460513 0.193651 0.460513 0.193651 0.484533 0.156419 0.484533
6 0.370667 0.443882 0.393528 0.443882 0.393528 0.466057 0.370667 0.466057
6 0.427494 0.482685 0.448396 0.482685 0.448396 0.502088 0.427494 0.502088
6 0.478444 0.525184 0.505225 0.525184 0.505225 0.544584 0.478444 0.544584
6 0.294897 0.580614 0.312533 0.580614 0.312533 0.600939 0.294897 0.600939
12 0.562396 0.111103 0.600021 0.111103 0.600021 0.156335 0.562396 0.156335
11 0.305281 0.528786 0.324878 0.528786 0.324878 0.553730 0.305281 0.553730
10 0.707977 0.490718 0.792348 0.490718 0.792348 0.507400 0.707977 0.507400
3 0.711606 0.506756 0.785998 0.506756 0.785998 0.524078 0.711606 0.524078
10 0.448197 0.160760 0.503990 0.160760 0.503990 0.179366 0.448197 0.179366
1 0.295028 0.279557 0.306747 0.279557 0.306747 0.361892 0.295028 0.361892
9 0.008579 0.012673 0.267679 0.012673 0.267679 0.057327 0.008579 0.057327
