6 0.134351 0.389657 0.150234 0.389657 0.150234 0.407238 0.134351 0.407238
10 0.741228 0.572886 0.762405 0.572886 0.762405 0.588512 0.741228 0.588512
3 0.017700 0.473687 0.030128 0.473687 0.030128 0.508065 0.017700 0.508065
9 0.008170 0.011780 0.268700 0.011780 0.268700 0.056785 0.008170 0.056785
12 0.539969 0.049473 0.577358 0.049473 0.577358 0.083788 0.539969 0.083788
12 0.538704 0.321633 0.577366 0.321633 0.577366 0.360789 0.538704 0.360789
8 0.624619 0.511333 0.787859 0.511333 0.787859 0.590319 0.624619 0.590319
10 0.733402 0.538483 0.770039 0.538483 0.770039 0.552049 0.733402 0.552049
3 0.726113 0.550692 0.776945 0.550692 0.776945 0.564528 0.726113 0.564528
0 0.471644 0.746401 0.993244 0.746401 0.993244 0.992131 0.471644 0.992131
1 0.472215 0.701304 0.812059 0.701304 0.812059 0.732358 0.472215 0.732358
6 0.163585 0.446630 0.180848 0.446630 0.180848 0.467794 0.163585 0.467794
6 0.186372 0.541369 0.204096 0.541369 0.204096 0.560254 0.186372 0.560254
6 0.103051 0.536193 0.119348 0.536193 0.119348 0.556118 0.103051 0.556118
6 0.309470 0.462223 0.353886 0.462223 0.353886 0.480506 0.309470 0.480506
6 0.286930 0.442063 0.299858 0.442063 0.299858 0.485663 0.286930 0.485663
6 0.479759 0.613549 0.509314 0.613549 0.509314 0.632300 0.479759 0.632300
6 0.432801 0.656132 0.482798 0.656132 0.482798 0.673711 0.432801 0.673711
