6 0.416988 0.374935 0.435403 0.374935 0.435403 0.397073 0.416988 0.397073
11 0.176738 0.556633 0.197421 0.556633 0.197421 0.579134 0.176738 0.579134
1 0.472186 0.708999 0.670364 0.708999 0.670364 0.740593 0.472186 0.740593
0 0.467031 0.746265 0.995124 0.746265 0.995124 0.994966 0.467031 0.994966
9 0.004464 0.005503 0.272519 0.005503 0.272519 0.060590 0.004464 0.060590
4 0.131036 0.207554 0.193085 0.207554 0.193085 0.236246 0.131036 0.236246
4 0.228698 0.290290 0.240898 0.290290 0.240898 0.325450 0.228698 0.325450
1 0.242509 0.269127 0.253559 0.269127 0.253559 0.349543 0.242509 0.349543
10 0.306730 0.237547 0.361744 0.237547 0.361744 0.256756 0.306730 0.256756
12 0.381770 0.212806 0.416528 0.212806 0.416528 0.257083 0.381770 0.257083
11 0.652422 0.329015 0.666674 0.329015 0.666674 0.353391 0.652422 0.353391
6 0.165998 0.578573 0.183102 0.578573 0.183102 0.596575 0.165998 0.596575
6 0.616292 0.344954 0.628557 0.344954 0.628557 0.361362 0.616292 0.361362
6 0.443229 0.411725 0.466017 0.411725 0.466017 0.428002 0.443229 0.428002
6 0.311565 0.377540 0.331820 0.377540 0.331820 0.394470 0.311565 0.394470
6 0.274274 0.357030 0.287164 0.357030 0.287164 0.372983 0.274274 0.372983
6 0.105182 0.385890 0.138991 0.385890 0.138991 0.406144 0.105182 0.406144
6 0.025233 0.283503 0.041142 0.283503 0.041142 0.334695 0.025233 0.334695
4 0.672641 0.204311 0.693523 0.204311 0.693523 0.284947 0.672641 0.284947
4 0.706449 0.367458 0.790310 0.367458 0.790310 0.381991 0.706449 0.381991
3 0.709764 0.382927 0.783681 0.382927 0.783681 0.400273 0.709764 0.400273
