9 0.026018 0.007777 0.773566 0.007777 0.773566 0.090602 0.026018 0.090602
6 0.314093 0.502524 0.341282 0.502524 0.341282 0.527839 0.314093 0.527839
6 0.398979 0.548468 0.432071 0.548468 0.432071 0.566751 0.398979 0.566751
6 0.434127 0.586440 0.463309 0.586440 0.463309 0.605663 0.434127 0.605663
7 0.570677 0.548936 0.735215 0.548936 0.735215 0.572377 0.570677 0.572377
10 0.550624 0.529128 0.755525 0.529128 0.755525 0.548570 0.550624 0.548570
12 0.557499 0.392059 0.638636 0.392059 0.638636 0.436775 0.557499 0.436775
1 0.032177 0.736484 0.373222 0.736484 0.373222 0.764675 0.032177 0.764675
6 0.263208 0.211241 0.300339 0.211241 0.300339 0.276375 0.263208 0.276375
0 0.030764 0.765079 0.988142 0.765079 0.988142 0.989993 0.030764 0.989993
6 0.266343 0.484241 0.292206 0.484241 0.292206 0.505807 0.266343 0.505807
