9 0.004291 0.003154 0.272919 0.003154 0.272919 0.060670 0.004291 0.060670
3 0.740387 0.417956 0.812480 0.417956 0.812480 0.437489 0.740387 0.437489
10 0.734033 0.401156 0.818279 0.401156 0.818279 0.416401 0.734033 0.416401
12 0.666193 0.110939 0.702945 0.110939 0.702945 0.156843 0.666193 0.156843
0 0.467031 0.747397 0.996843 0.747397 0.996843 0.992051 0.467031 0.992051
1 0.469896 0.706084 0.664064 0.706084 0.664064 0.740917 0.469896 0.740917
11 0.246504 0.493904 0.265995 0.493904 0.265995 0.518096 0.246504 0.518096
1 0.237409 0.254286 0.250581 0.254286 0.250581 0.340968 0.237409 0.340968
4 0.228244 0.276159 0.237982 0.276159 0.237982 0.314233 0.228244 0.314233
10 0.415540 0.167605 0.484845 0.167605 0.484845 0.191909 0.415540 0.191909
6 0.482907 0.470085 0.505818 0.470085 0.505818 0.495063 0.482907 0.495063
6 0.445781 0.412332 0.468851 0.412332 0.468851 0.431459 0.445781 0.431459
6 0.313725 0.392642 0.329237 0.392642 0.329237 0.412332 0.313725 0.412332
6 0.215081 0.500092 0.230593 0.500092 0.230593 0.520907 0.215081 0.520907
6 0.114052 0.400518 0.150248 0.400518 0.150248 0.422458 0.114052 0.422458
6 0.021375 0.272813 0.036489 0.272813 0.036489 0.325133 0.021375 0.325133
4 0.205906 0.091456 0.267765 0.091456 0.267765 0.123050 0.205906 0.123050
