6 0.588731 0.226299 0.602560 0.226299 0.602560 0.241234 0.588731 0.241234
6 0.059998 0.286567 0.069774 0.286567 0.069774 0.307051 0.059998 0.307051
10 0.933597 0.635077 0.980363 0.635077 0.980363 0.653428 0.933597 0.653428
3 0.931184 0.604354 0.983380 0.604354 0.983380 0.618863 0.931184 0.618863
10 0.937518 0.589845 0.975534 0.589845 0.975534 0.606060 0.937518 0.606060
9 0.009022 0.013191 0.267093 0.013191 0.267093 0.056205 0.009022 0.056205
12 0.237761 0.114168 0.273966 0.114168 0.273966 0.150440 0.237761 0.150440
4 0.255870 0.297322 0.271076 0.297322 0.271076 0.337264 0.255870 0.337264
8 0.824226 0.544910 0.991072 0.544910 0.991072 0.654579 0.824226 0.654579
8 0.050971 0.568849 0.173764 0.568849 0.173764 0.637978 0.050971 0.637978
3 0.123551 0.615738 0.173604 0.615738 0.173604 0.629115 0.123551 0.629115
10 0.130826 0.603391 0.167057 0.603391 0.167057 0.615946 0.130826 0.615946
12 0.254536 0.673761 0.291245 0.673761 0.291245 0.707545 0.254536 0.707545
6 0.179983 0.226142 0.190121 0.226142 0.190121 0.245090 0.179983 0.245090
6 0.185993 0.384373 0.195406 0.384373 0.195406 0.405370 0.185993 0.405370
6 0.329300 0.467545 0.360075 0.467545 0.360075 0.486746 0.329300 0.486746
6 0.357057 0.496560 0.407443 0.496560 0.407443 0.514485 0.357057 0.514485
6 0.565004 0.390549 0.580646 0.390549 0.580646 0.408984 0.565004 0.408984
6 0.649576 0.287818 0.665668 0.287818 0.665668 0.307378 0.649576 0.307378
0 0.473498 0.749707 0.991206 0.749707 0.991206 0.987881 0.473498 0.987881
6 0.692068 0.335472 0.708661 0.335472 0.708661 0.354318 0.692068 0.354318
