6 0.162656 0.479028 0.175690 0.479028 0.175690 0.531260 0.162656 0.531260
4 0.142743 0.484661 0.158312 0.484661 0.158312 0.522042 0.142743 0.522042
12 0.133722 0.398551 0.181686 0.398551 0.181686 0.419935 0.133722 0.419935
1 0.470770 0.698716 0.812393 0.698716 0.812393 0.735414 0.470770 0.735414
0 0.464283 0.741529 0.989690 0.741529 0.989690 0.995351 0.464283 0.995351
9 0.004821 0.002997 0.275093 0.002997 0.275093 0.064158 0.004821 0.064158
6 0.235110 0.136306 0.248625 0.136306 0.248625 0.157966 0.235110 0.157966
4 0.329562 0.388391 0.374820 0.388391 0.374820 0.417066 0.329562 0.417066
6 0.564173 0.429357 0.575759 0.429357 0.575759 0.444207 0.564173 0.444207
6 0.210086 0.564545 0.224568 0.564545 0.224568 0.586565 0.210086 0.586565
6 0.219861 0.594758 0.234342 0.594758 0.234342 0.616265 0.219861 0.616265
6 0.271635 0.595781 0.287565 0.595781 0.287565 0.619337 0.271635 0.619337
6 0.300599 0.594245 0.315442 0.594245 0.315442 0.612680 0.300599 0.612680
6 0.285755 0.623945 0.304943 0.623945 0.304943 0.641867 0.285755 0.641867
6 0.315081 0.652109 0.339338 0.652109 0.339338 0.671057 0.315081 0.671057
6 0.373010 0.681809 0.395818 0.681809 0.395818 0.698708 0.373010 0.698708
6 0.161237 0.187274 0.181958 0.187274 0.181958 0.212758 0.161237 0.212758
3 0.371428 0.605099 0.444592 0.605099 0.444592 0.618612 0.371428 0.618612
4 0.359610 0.589095 0.457164 0.589095 0.457164 0.602610 0.359610 0.602610
4 0.621378 0.412970 0.640205 0.412970 0.640205 0.475443 0.621378 0.475443
11 0.602189 0.448815 0.617033 0.448815 0.617033 0.473396 0.602189 0.473396
12 0.471851 0.410922 0.507693 0.410922 0.507693 0.437550 0.471851 0.437550
