10 0.729478 0.264511 0.814597 0.264511 0.814597 0.283641 0.729478 0.283641
12 0.589802 0.279814 0.627510 0.279814 0.627510 0.317620 0.589802 0.317620
10 0.407948 0.304117 0.463793 0.304117 0.463793 0.334497 0.407948 0.334497
0 0.467017 0.744947 1.000000 0.744947 1.000000 0.996921 0.467017 0.996921
1 0.235640 0.409432 0.249005 0.409432 0.249005 0.494492 0.235640 0.494492
6 0.003816 0.005958 0.270058 0.005958 0.270058 0.064751 0.003816 0.064751
6 0.046388 0.428940 0.063571 0.428940 0.063571 0.477547 0.046388 0.477547
6 0.111683 0.533445 0.151777 0.533445 0.151777 0.559369 0.111683 0.559369
6 0.306997 0.554509 0.328762 0.554509 0.328762 0.582051 0.306997 0.582051
6 0.405514 0.614456 0.433007 0.614456 0.433007 0.640380 0.405514 0.640380
6 0.249880 0.711263 0.272562 0.711263 0.272562 0.746260 0.249880 0.746260
6 0.068428 0.709320 0.086297 0.709320 0.086297 0.730706 0.068428 0.730706
4 0.196501 0.269013 0.259029 0.269013 0.259029 0.295341 0.196501 0.295341
4 0.222275 0.432385 0.236595 0.432385 0.236595 0.466139 0.222275 0.466139
1 0.474647 0.703082 0.671679 0.703082 0.671679 0.741156 0.474647 0.741156
11 0.060850 0.653815 0.080340 0.653815 0.080340 0.676316 0.060850 0.676316
6 0.492018 0.674066 0.515485 0.674066 0.515485 0.694881 0.492018 0.694881
3 0.734252 0.284765 0.809029 0.284765 0.809029 0.302204 0.734252 0.302204
