6 0.411414 0.484332 0.424341 0.484332 0.424341 0.510585 0.411414 0.510585
6 0.375218 0.867397 0.385162 0.867397 0.385162 0.882869 0.375218 0.882869
6 0.242632 0.906778 0.255228 0.906778 0.255228 0.922716 0.242632 0.922716
6 0.177997 0.904903 0.191587 0.904903 0.191587 0.919903 0.177997 0.919903
6 0.487982 0.496052 0.499583 0.496052 0.499583 0.523244 0.487982 0.523244
6 0.382907 0.513399 0.395172 0.513399 0.395172 0.564030 0.382907 0.564030
6 0.194305 0.715455 0.210547 0.715455 0.210547 0.728582 0.194305 0.728582
6 0.242367 0.699516 0.257616 0.699516 0.257616 0.714049 0.242367 0.714049
6 0.112102 0.648885 0.125030 0.648885 0.125030 0.666231 0.112102 0.666231
6 0.161160 0.570593 0.173754 0.570593 0.173754 0.586534 0.161160 0.586534
6 0.150552 0.516679 0.173754 0.516679 0.173754 0.530276 0.150552 0.530276
6 0.372627 0.339001 0.382875 0.339001 0.382875 0.355798 0.372627 0.355798
6 0.362988 0.345641 0.371550 0.345641 0.371550 0.358142 0.362988 0.358142
6 0.239861 0.283053 0.245430 0.283053 0.245430 0.296553 0.239861 0.296553
6 0.238271 0.268986 0.250999 0.268986 0.250999 0.285302 0.238271 0.285302
6 0.198098 0.270114 0.209234 0.270114 0.209234 0.286991 0.198098 0.286991
6 0.244236 0.242547 0.256171 0.242547 0.256171 0.262799 0.244236 0.262799
6 0.112182 0.271239 0.124910 0.271239 0.124910 0.288116 0.112182 0.288116
6 0.101443 0.144659 0.114171 0.144659 0.114171 0.164349 0.101443 0.164349
6 0.147582 0.081650 0.162697 0.081650 0.162697 0.096277 0.147582 0.096277
6 0.273273 0.082213 0.286797 0.082213 0.286797 0.097402 0.273273 0.097402
6 0.207643 0.079400 0.221168 0.079400 0.221168 0.096277 0.207643 0.096277
6 0.171449 0.190227 0.184972 0.190227 0.184972 0.208229 0.171449 0.208229
6 0.372713 0.129470 0.384645 0.129470 0.384645 0.148597 0.372713 0.148597
6 0.321950 0.081410 0.338560 0.081410 0.338560 0.096802 0.321950 0.096802
5 0.248214 0.344935 0.263330 0.344935 0.263330 0.362937 0.248214 0.362937
11 0.056749 0.451984 0.071001 0.451984 0.071001 0.470266 0.056749 0.470266
5 0.336172 0.572000 0.356391 0.572000 0.356391 0.603878 0.336172 0.603878
4 0.595264 0.259654 0.638079 0.259654 0.638079 0.272351 0.595264 0.272351
1 0.585480 0.697658 0.641038 0.697658 0.641038 0.715479 0.585480 0.715479
0 0.468062 0.738164 0.995009 0.738164 0.995009 0.991727 0.468062 0.991727
4 0.081541 0.775980 0.129603 0.775980 0.129603 0.787230 0.081541 0.787230
3 0.074912 0.788638 0.132588 0.788638 0.132588 0.802702 0.074912 0.802702
1 0.113694 0.969598 0.170375 0.969598 0.170375 0.985537 0.113694 0.985537
10 0.331466 0.924594 0.370578 0.924594 0.370578 0.937719 0.331466 0.937719
3 0.323841 0.938657 0.376875 0.938657 0.376875 0.953660 0.323841 0.953660
1 0.148433 0.683612 0.204741 0.683612 0.204741 0.704848 0.148433 0.704848
10 0.576258 0.096802 0.661028 0.096802 0.661028 0.121916 0.576258 0.121916
10 0.575685 0.159990 0.661601 0.159990 0.661601 0.183483 0.575685 0.183483
8 0.426193 0.025513 0.674775 0.025513 0.674775 0.211836 0.426193 0.211836
12 0.373499 0.043336 0.403282 0.043336 0.403282 0.078169 0.373499 0.078169
9 0.004390 0.005140 0.273273 0.005140 0.273273 0.063087 0.004390 0.063087
3 0.587669 0.272351 0.642913 0.272351 0.642913 0.284722 0.587669 0.284722
