1 0.471151 0.703866 0.669350 0.703866 0.669350 0.731473 0.471151 0.731473
10 0.094907 0.112262 0.193193 0.112262 0.193193 0.138510 0.094907 0.138510
6 0.145451 0.276945 0.158816 0.276945 0.158816 0.299221 0.145451 0.299221
6 0.206547 0.393060 0.225639 0.393060 0.225639 0.411287 0.206547 0.411287
0 0.468192 0.742008 0.995369 0.742008 0.995369 0.994761 0.468192 0.994761
0 0.163959 0.273948 0.182877 0.273948 0.182877 0.301979 0.163959 0.301979
0 0.167563 0.351674 0.188283 0.351674 0.188283 0.373336 0.167563 0.373336
0 0.136932 0.597596 0.153147 0.597596 0.153147 0.679146 0.136932 0.679146
0 0.232117 0.526659 0.250366 0.526659 0.250366 0.550254 0.232117 0.550254
0 0.285716 0.743154 0.309740 0.743154 0.309740 0.766514 0.285716 0.766514
12 0.423855 0.396993 0.460641 0.396993 0.460641 0.444775 0.423855 0.444775
6 0.420101 0.657143 0.437368 0.657143 0.437368 0.708113 0.420101 0.708113
9 0.002930 0.007876 0.271809 0.007876 0.271809 0.066202 0.002930 0.066202
