0 0.471635 0.748527 0.993968 0.748527 0.993968 0.991447 0.471635 0.991447
1 0.472263 0.702450 0.812584 0.702450 0.812584 0.730131 0.472263 0.730131
10 0.337975 0.430343 0.406588 0.430343 0.406588 0.449095 0.337975 0.449095
4 0.045526 0.537748 0.060773 0.537748 0.060773 0.577598 0.045526 0.577598
6 0.116591 0.701316 0.146754 0.701316 0.146754 0.719132 0.116591 0.719132
6 0.141031 0.351483 0.192683 0.351483 0.192683 0.371797 0.141031 0.371797
6 0.255136 0.181957 0.268262 0.181957 0.268262 0.208399 0.255136 0.208399
6 0.025213 0.161222 0.072169 0.161222 0.072169 0.179194 0.025213 0.179194
6 0.140947 0.062383 0.191496 0.062383 0.191496 0.080743 0.140947 0.080743
3 0.156417 0.091681 0.177686 0.091681 0.177686 0.108481 0.156417 0.108481
9 0.007700 0.011026 0.268835 0.011026 0.268835 0.057675 0.007700 0.057675
12 0.254698 0.335090 0.306407 0.335090 0.306407 0.369971 0.254698 0.369971
