6 0.472649 0.440893 0.494857 0.440893 0.494857 0.459644 0.472649 0.459644
11 0.669643 0.277121 0.681341 0.277121 0.681341 0.300087 0.669643 0.300087
1 0.473072 0.702898 0.665764 0.702898 0.665764 0.745373 0.473072 0.745373
0 0.471496 0.748374 0.993154 0.748374 0.993154 0.991226 0.471496 0.991226
11 0.075133 0.926560 0.089978 0.926560 0.089978 0.951139 0.075133 0.951139
10 0.717994 0.174935 0.800542 0.174935 0.800542 0.196442 0.717994 0.196442
10 0.698403 0.297119 0.711184 0.297119 0.711184 0.353720 0.698403 0.353720
3 0.721852 0.196231 0.794893 0.196231 0.794893 0.211255 0.721852 0.211255
12 0.493542 0.202284 0.531938 0.202284 0.531938 0.238616 0.493542 0.238616
6 0.112423 0.929632 0.128717 0.929632 0.128717 0.947557 0.112423 0.947557
10 0.407638 0.210486 0.465091 0.210486 0.465091 0.230022 0.407638 0.230022
6 0.035900 0.303200 0.048155 0.303200 0.048155 0.351809 0.035900 0.351809
6 0.111428 0.452417 0.145476 0.452417 0.145476 0.468244 0.111428 0.468244
9 0.007493 0.011667 0.268023 0.011667 0.268023 0.056674 0.007493 0.056674
4 0.155228 0.189468 0.211623 0.189468 0.211623 0.213561 0.155228 0.213561
4 0.253783 0.308546 0.267871 0.308546 0.267871 0.344098 0.253783 0.344098
1 0.265938 0.287450 0.280024 0.287450 0.280024 0.370273 0.265938 0.370273
6 0.327469 0.397762 0.344705 0.397762 0.344705 0.416045 0.327469 0.416045
6 0.389121 0.415576 0.411329 0.415576 0.411329 0.432922 0.389121 0.432922
6 0.658931 0.319001 0.669538 0.319001 0.669538 0.334473 0.658931 0.334473
6 0.610539 0.408075 0.627111 0.408075 0.627111 0.427296 0.610539 0.427296
