10 0.541225 0.178950 0.588594 0.178950 0.588594 0.196875 0.541225 0.196875
8 0.492348 0.147799 0.593120 0.147799 0.593120 0.226744 0.492348 0.226744
6 0.455237 0.233145 0.469720 0.233145 0.469720 0.286060 0.455237 0.286060
6 0.394895 0.092325 0.413602 0.092325 0.413602 0.111101 0.394895 0.111101
6 0.376189 0.119209 0.404852 0.119209 0.404852 0.143960 0.376189 0.143960
6 0.390973 0.227598 0.399723 0.227598 0.399723 0.241253 0.390973 0.241253
6 0.391274 0.262163 0.400327 0.262163 0.400327 0.277525 0.391274 0.277525
6 0.393085 0.297155 0.397912 0.297155 0.397912 0.310810 0.393085 0.310810
6 0.301064 0.254057 0.310416 0.254057 0.310416 0.274964 0.301064 0.274964
6 0.310718 0.359032 0.320977 0.359032 0.320977 0.379088 0.310718 0.379088
6 0.346923 0.347083 0.360501 0.347083 0.360501 0.364579 0.346923 0.364579
6 0.348312 0.620063 0.387934 0.620063 0.387934 0.635547 0.348312 0.635547
6 0.333193 0.569182 0.345184 0.569182 0.345184 0.616374 0.333193 0.616374
6 0.317031 0.568445 0.327457 0.568445 0.327457 0.618587 0.317031 0.618587
0 0.316415 0.665825 0.985837 0.665825 0.985837 0.979952 0.316415 0.979952
1 0.848067 0.634497 0.985365 0.634497 0.985365 0.665077 0.848067 0.665077
2 0.346225 0.559596 0.367081 0.559596 0.367081 0.596466 0.346225 0.596466
2 0.346225 0.485856 0.368644 0.485856 0.368644 0.512402 0.346225 0.512402
10 0.444794 0.494071 0.509860 0.494071 0.509860 0.512654 0.444794 0.512654
5 0.418731 0.333000 0.435023 0.333000 0.435023 0.346657 0.418731 0.346657
2 0.406361 0.153774 0.428687 0.153774 0.428687 0.186205 0.406361 0.186205
12 0.439247 0.115796 0.481787 0.115796 0.481787 0.150786 0.439247 0.150786
2 0.443470 0.169990 0.464289 0.169990 0.464289 0.204981 0.443470 0.204981
10 0.543940 0.205835 0.585878 0.205835 0.585878 0.218638 0.543940 0.218638
