1 0.816653 0.638493 0.974749 0.638493 0.974749 0.662390 0.816653 0.662390
10 0.485151 0.165573 0.526008 0.165573 0.526008 0.182465 0.485151 0.182465
3 0.488295 0.199357 0.524123 0.199357 0.524123 0.217729 0.488295 0.217729
6 0.112769 0.475960 0.123665 0.475960 0.123665 0.526338 0.112769 0.526338
6 0.141474 0.466478 0.152160 0.466478 0.152160 0.487221 0.141474 0.487221
6 0.294029 0.366952 0.325747 0.366952 0.325747 0.387847 0.294029 0.387847
6 0.383975 0.163648 0.392774 0.163648 0.392774 0.179944 0.383975 0.179944
6 0.335365 0.162165 0.343956 0.162165 0.343956 0.178759 0.335365 0.178759
6 0.283403 0.164240 0.291575 0.164240 0.291575 0.179352 0.283403 0.179352
6 0.233539 0.159497 0.241919 0.159497 0.241919 0.178166 0.233539 0.178166
6 0.231861 0.264403 0.248623 0.264403 0.248623 0.279219 0.231861 0.279219
6 0.152872 0.257883 0.164606 0.257883 0.164606 0.277738 0.152872 0.277738
6 0.130453 0.178759 0.141348 0.178759 0.141348 0.200985 0.130453 0.200985
2 0.160959 0.401580 0.184426 0.401580 0.184426 0.430917 0.160959 0.430917
2 0.145456 0.571679 0.166198 0.571679 0.166198 0.599533 0.145456 0.599533
8 0.437838 0.139591 0.528640 0.139591 0.528640 0.225005 0.437838 0.225005
5 0.312653 0.535820 0.334443 0.535820 0.334443 0.571086 0.312653 0.571086
12 0.450768 0.381345 0.482449 0.381345 0.482449 0.401401 0.450768 0.401401
0 0.313598 0.665733 0.978640 0.665733 0.978640 0.972784 0.313598 0.972784
1 0.856178 0.608193 0.975656 0.608193 0.975656 0.632090 0.856178 0.632090
