6 0.611744 0.599712 0.625782 0.599712 0.625782 0.613936 0.611744 0.613936
6 0.680371 0.349424 0.691835 0.349424 0.691835 0.373749 0.680371 0.373749
6 0.508999 0.318701 0.519559 0.318701 0.519559 0.340890 0.508999 0.340890
6 0.531024 0.282000 0.544601 0.282000 0.544601 0.331502 0.531024 0.331502
6 0.246889 0.531514 0.260147 0.531514 0.260147 0.548858 0.246889 0.548858
6 0.261806 0.577458 0.278710 0.577458 0.278710 0.596679 0.261806 0.596679
2 0.551541 0.128379 0.573564 0.128379 0.573564 0.157823 0.551541 0.157823
12 0.654726 0.162516 0.683992 0.162516 0.683992 0.180866 0.654726 0.180866
2 0.661363 0.191108 0.687310 0.191108 0.687310 0.220126 0.661363 0.220126
1 0.696366 0.636768 0.856268 0.636768 0.856268 0.662027 0.696366 0.662027
1 0.857021 0.635002 0.977460 0.635002 0.977460 0.660960 0.857021 0.660960
0 0.315225 0.665539 0.979648 0.665539 0.979648 0.972412 0.315225 0.972412
2 0.613421 0.526517 0.633325 0.526517 0.633325 0.554371 0.613421 0.554371
5 0.531498 0.520885 0.546793 0.520885 0.546793 0.534228 0.531498 0.534228
3 0.369538 0.510513 0.407043 0.510513 0.407043 0.525924 0.369538 0.525924
10 0.369747 0.485917 0.417937 0.485917 0.417937 0.502511 0.369747 0.502511
8 0.322774 0.459398 0.418704 0.459398 0.418704 0.525762 0.322774 0.525762
6 0.277937 0.426214 0.288365 0.426214 0.288365 0.446863 0.277937 0.446863
6 0.193477 0.464560 0.206511 0.464560 0.206511 0.493316 0.193477 0.493316
2 0.647363 0.517625 0.668526 0.517625 0.668526 0.546074 0.647363 0.546074
6 0.276894 0.361326 0.285759 0.361326 0.285759 0.373123 0.276894 0.373123
6 0.277484 0.283768 0.287801 0.283794 0.287780 0.300874 0.277463 0.300848
6 0.614259 0.563558 0.646525 0.563558 0.646525 0.578374 0.614259 0.578374
