2 0.498500 0.549705 0.518297 0.549705 0.518297 0.576076 0.498500 0.576076
0 0.314799 0.665041 0.982035 0.665041 0.982035 0.974400 0.314799 0.974400
1 0.706032 0.640568 0.817802 0.640568 0.817802 0.668135 0.706032 0.668135
8 0.546576 0.160051 0.644635 0.160051 0.644635 0.246780 0.546576 0.246780
1 0.816609 0.640005 0.979290 0.640005 0.979290 0.668135 0.816609 0.668135
6 0.481941 0.162395 0.489400 0.162395 0.489400 0.176459 0.481941 0.176459
10 0.600992 0.187008 0.640768 0.187008 0.640768 0.203807 0.600992 0.203807
3 0.605134 0.219823 0.635519 0.219823 0.635519 0.240140 0.605134 0.240140
6 0.431945 0.162003 0.438298 0.162003 0.438298 0.176069 0.431945 0.176069
6 0.425868 0.209277 0.439680 0.209277 0.439680 0.226466 0.425868 0.226466
6 0.378358 0.219823 0.388856 0.219823 0.388856 0.241703 0.378358 0.241703
5 0.411722 0.527567 0.432668 0.527567 0.432668 0.563379 0.411722 0.563379
6 0.367310 0.170989 0.376701 0.170989 0.376701 0.192866 0.367310 0.192866
6 0.457358 0.164347 0.463159 0.164347 0.463159 0.176851 0.457358 0.176851
6 0.549371 0.484267 0.560650 0.484267 0.560650 0.532124 0.549371 0.532124
6 0.362463 0.480360 0.373051 0.480360 0.373051 0.501846 0.362463 0.501846
6 0.457859 0.408031 0.474469 0.408031 0.474469 0.428285 0.457859 0.428285
6 0.505972 0.163176 0.513154 0.163176 0.513154 0.177632 0.505972 0.177632
2 0.385375 0.438220 0.408245 0.438220 0.408245 0.469161 0.385375 0.469161
