6 0.346992 0.278309 0.375165 0.278309 0.375165 0.296122 0.346992 0.296122
6 0.491332 0.414185 0.501553 0.414185 0.501553 0.457160 0.491332 0.457160
6 0.468131 0.407153 0.479179 0.407153 0.479179 0.473568 0.468131 0.473568
6 0.373508 0.202361 0.382458 0.202361 0.382458 0.214550 0.373508 0.214550
6 0.343677 0.206110 0.351963 0.206110 0.351963 0.219707 0.343677 0.219707
6 0.402389 0.343474 0.428078 0.343474 0.428078 0.360273 0.402389 0.360273
6 0.358748 0.343863 0.373386 0.343863 0.373386 0.360663 0.358748 0.360663
6 0.357089 0.500135 0.373663 0.500135 0.373663 0.517714 0.357089 0.517714
6 0.247154 0.484898 0.259584 0.484898 0.259584 0.554047 0.247154 0.554047
6 0.258160 0.275496 0.268435 0.275496 0.268435 0.297530 0.258160 0.297530
6 0.446309 0.440360 0.457082 0.440360 0.457082 0.463800 0.446309 0.463800
6 0.460021 0.217363 0.470628 0.217363 0.470628 0.238928 0.460021 0.238928
6 0.393397 0.206580 0.402347 0.206580 0.402347 0.220643 0.393397 0.220643
1 0.817465 0.640537 0.977765 0.640537 0.977765 0.666713 0.817465 0.666713
1 0.706287 0.640537 0.817465 0.640537 0.817465 0.667233 0.706287 0.667233
0 0.315204 0.666110 0.982671 0.666110 0.982671 0.974727 0.315204 0.974727
10 0.560783 0.256110 0.618517 0.256110 0.618517 0.284761 0.560783 0.284761
2 0.332783 0.366913 0.354327 0.366913 0.354327 0.395825 0.332783 0.395825
2 0.378635 0.362225 0.400732 0.362225 0.400732 0.389182 0.378635 0.389182
2 0.441613 0.372775 0.460672 0.372775 0.460672 0.402465 0.441613 0.402465
2 0.438019 0.402465 0.462882 0.402465 0.462882 0.428249 0.438019 0.428249
12 0.456528 0.488413 0.499619 0.488413 0.499619 0.525527 0.456528 0.525527
2 0.269805 0.475131 0.291626 0.475131 0.291626 0.506776 0.269805 0.506776
2 0.264327 0.397351 0.283893 0.397351 0.283893 0.425839 0.264327 0.425839
8 0.503542 0.203251 0.620549 0.203251 0.620549 0.286701 0.503542 0.286701
10 0.557058 0.228113 0.609542 0.228113 0.609542 0.247680 0.557058 0.247680
