5 0.453219 0.443948 0.468731 0.443948 0.468731 0.461952 0.453219 0.461952
10 0.555841 0.442262 0.603571 0.442262 0.603571 0.461952 0.555841 0.461952
10 0.559420 0.468701 0.598798 0.468701 0.598798 0.484453 0.559420 0.484453
6 0.351791 0.361251 0.360542 0.361251 0.360542 0.375314 0.351791 0.375314
10 0.588165 0.225285 0.604074 0.225285 0.604074 0.240288 0.588165 0.240288
6 0.278206 0.429884 0.290537 0.429884 0.290537 0.452949 0.278206 0.452949
6 0.427404 0.176529 0.436022 0.176529 0.436022 0.188718 0.427404 0.188718
6 0.402877 0.174654 0.410499 0.174654 0.410499 0.188718 0.402877 0.188718
6 0.377684 0.175593 0.383651 0.175593 0.383651 0.188718 0.377684 0.188718
6 0.449944 0.185438 0.462208 0.185438 0.462208 0.210283 0.449944 0.210283
6 0.342882 0.118866 0.360448 0.118866 0.360448 0.136212 0.342882 0.136212
6 0.304431 0.122615 0.315700 0.122615 0.315700 0.173249 0.304431 0.173249
6 0.352586 0.395005 0.360542 0.395005 0.360542 0.411318 0.352586 0.411318
2 0.451900 0.523638 0.473776 0.523638 0.473776 0.556923 0.451900 0.556923
0 0.314035 0.661838 0.981420 0.661838 0.981420 0.973868 0.314035 0.973868
6 0.351791 0.433822 0.359348 0.433822 0.359348 0.447325 0.351791 0.447325
1 0.706232 0.640399 0.812471 0.640399 0.812471 0.667685 0.706232 0.667685
6 0.368098 0.535085 0.404295 0.535085 0.404295 0.553650 0.368098 0.553650
6 0.377246 0.564340 0.393157 0.564340 0.393157 0.582905 0.377246 0.582905
6 0.473903 0.436072 0.481857 0.436072 0.481857 0.460264 0.473903 0.460264
10 0.572254 0.199502 0.620648 0.199502 0.620648 0.216848 0.572254 0.216848
8 0.525186 0.172310 0.622636 0.172310 0.622636 0.242163 0.525186 0.242163
2 0.443315 0.144649 0.462208 0.144649 0.462208 0.174185 0.443315 0.174185
8 0.508108 0.416945 0.605560 0.416945 0.605560 0.487830 0.508108 0.487830
