6 0.408173 0.294664 0.435220 0.294664 0.435220 0.309857 0.408173 0.309857
6 0.180465 0.436664 0.222856 0.436664 0.222856 0.459724 0.180465 0.459724
4 0.357698 0.257634 0.374934 0.257634 0.374934 0.333580 0.357698 0.333580
7 0.408365 0.269705 0.461498 0.269705 0.461498 0.287068 0.408365 0.287068
7 0.442124 0.222225 0.495068 0.222225 0.495068 0.239589 0.442124 0.239589
2 0.497944 0.278113 0.518086 0.278113 0.518086 0.306601 0.497944 0.306601
4 0.181671 0.284797 0.201161 0.284797 0.201161 0.301168 0.181671 0.301168
4 0.652742 0.398302 0.663869 0.398302 0.663869 0.450121 0.652742 0.450121
1 0.819371 0.627963 0.977645 0.627963 0.977645 0.664335 0.819371 0.664335
2 0.251278 0.411376 0.278722 0.411376 0.278722 0.440685 0.251278 0.440685
12 0.567192 0.288152 0.610925 0.288152 0.610925 0.326405 0.567192 0.326405
2 0.534582 0.282455 0.554339 0.282455 0.554339 0.310670 0.534582 0.310670
0 0.315552 0.666159 0.979750 0.666159 0.979750 0.972182 0.315552 0.972182
2 0.393595 0.352179 0.411626 0.352179 0.411626 0.383650 0.393595 0.383650
2 0.637014 0.311212 0.658688 0.311212 0.658688 0.342141 0.637014 0.342141
1 0.857212 0.602569 0.976815 0.602569 0.976815 0.627221 0.857212 0.627221
11 0.377674 0.354894 0.389182 0.354894 0.389182 0.379852 0.377674 0.379852
6 0.522689 0.265905 0.530363 0.265905 0.530363 0.279470 0.522689 0.279470
6 0.566041 0.402100 0.580426 0.402100 0.580426 0.417293 0.566041 0.417293
6 0.560094 0.434657 0.573521 0.434657 0.573521 0.449577 0.560094 0.449577
2 0.403186 0.313113 0.423135 0.313113 0.423135 0.342685 0.403186 0.342685
3 0.258040 0.310675 0.276735 0.310675 0.276735 0.327046 0.258040 0.327046
6 0.517510 0.465856 0.531705 0.465856 0.531705 0.480506 0.517510 0.480506
6 0.474734 0.426246 0.509646 0.426246 0.509646 0.449306 0.474734 0.449306
