2 0.507132 0.252368 0.528678 0.252368 0.528678 0.281669 0.507132 0.281669
6 0.097996 0.146572 0.110592 0.146572 0.110592 0.172825 0.097996 0.172825
6 0.129153 0.202830 0.138765 0.202830 0.138765 0.226739 0.129153 0.226739
6 0.175890 0.193454 0.206384 0.193454 0.206384 0.211737 0.175890 0.211737
6 0.193458 0.137196 0.202738 0.137196 0.202738 0.150322 0.193458 0.150322
6 0.222627 0.137666 0.232571 0.137666 0.232571 0.155479 0.222627 0.155479
6 0.251132 0.133445 0.260414 0.133445 0.260414 0.150791 0.251132 0.150791
6 0.280633 0.138133 0.288587 0.138133 0.288587 0.153135 0.280633 0.153135
6 0.109716 0.504932 0.120457 0.504932 0.120457 0.527997 0.109716 0.527997
6 0.258079 0.583130 0.282343 0.583130 0.282343 0.602257 0.258079 0.602257
6 0.243761 0.556125 0.279559 0.556125 0.279559 0.572441 0.243761 0.572441
6 0.309359 0.326986 0.319304 0.326986 0.319304 0.341442 0.309359 0.341442
6 0.357421 0.329330 0.367364 0.329330 0.367364 0.343786 0.357421 0.343786
6 0.360183 0.398870 0.368746 0.398870 0.368746 0.412153 0.360183 0.412153
6 0.307149 0.401996 0.316540 0.401996 0.316540 0.416843 0.307149 0.416843
6 0.377862 0.453957 0.390015 0.453957 0.390015 0.507869 0.377862 0.507869
6 0.398302 0.423483 0.411007 0.423483 0.411007 0.442627 0.398302 0.442627
6 0.579502 0.375431 0.590828 0.375431 0.590828 0.402777 0.579502 0.402777
6 0.499398 0.292608 0.527296 0.292608 0.527296 0.310970 0.499398 0.310970
6 0.552709 0.231662 0.589169 0.231662 0.589169 0.256275 0.552709 0.256275
8 0.120701 0.312610 0.222350 0.312610 0.222350 0.398558 0.120701 0.398558
10 0.172630 0.339175 0.220970 0.339175 0.220970 0.357146 0.172630 0.357146
8 0.381729 0.089845 0.489786 0.089845 0.489786 0.177513 0.381729 0.177513
4 0.434431 0.115631 0.487797 0.115631 0.487797 0.133445 0.434431 0.133445
4 0.438409 0.150791 0.484151 0.150791 0.484151 0.167199 0.438409 0.167199
2 0.547185 0.259008 0.568454 0.259008 0.568454 0.288309 0.547185 0.288309
2 0.557956 0.423483 0.587789 0.423483 0.587789 0.455520 0.557956 0.455520
5 0.242169 0.441923 0.264047 0.441923 0.264047 0.481304 0.242169 0.481304
2 0.135174 0.542061 0.158244 0.542061 0.158244 0.570752 0.135174 0.570752
10 0.177602 0.372383 0.216826 0.372383 0.216826 0.389572 0.177602 0.389572
0 0.315469 0.665452 0.980650 0.665452 0.980650 0.972571 0.315469 0.972571
1 0.859827 0.639722 0.977818 0.639722 0.977818 0.664025 0.859827 0.664025
0 0.856234 0.632787 0.983605 0.632787 0.983605 0.669741 0.856234 0.669741
