6 0.199530 0.184490 0.208281 0.184490 0.208281 0.206993 0.199530 0.206993
6 0.348688 0.127211 0.356552 0.127211 0.356552 0.139642 0.348688 0.139642
0 0.315182 0.665116 0.980434 0.665116 0.980434 0.970876 0.315182 0.970876
10 0.470694 0.137540 0.518572 0.137540 0.518572 0.154797 0.470694 0.154797
8 0.419299 0.113062 0.519697 0.113062 0.519697 0.197034 0.419299 0.197034
6 0.414941 0.420029 0.429858 0.420029 0.429858 0.482383 0.414941 0.482383
6 0.316771 0.594480 0.333460 0.594480 0.333460 0.608587 0.316771 0.608587
6 0.199954 0.483517 0.210120 0.483517 0.210120 0.507392 0.199954 0.507392
6 0.274308 0.126546 0.280672 0.126546 0.280672 0.140610 0.274308 0.140610
6 0.183619 0.135547 0.193961 0.135547 0.193961 0.156923 0.183619 0.156923
6 0.266706 0.187852 0.282244 0.187852 0.282244 0.203045 0.266706 0.203045
10 0.474782 0.172567 0.513326 0.172567 0.513326 0.188648 0.474782 0.188648
5 0.293178 0.445806 0.316003 0.445806 0.316003 0.482160 0.293178 0.482160
2 0.220286 0.570878 0.240811 0.570878 0.240811 0.597736 0.220286 0.597736
1 0.855858 0.607983 0.975430 0.607983 0.975430 0.632629 0.855858 0.632629
1 0.816060 0.638055 0.975430 0.638055 0.975430 0.663152 0.816060 0.663152
2 0.402015 0.303297 0.423891 0.303297 0.423891 0.332830 0.402015 0.332830
6 0.298379 0.126212 0.304825 0.126212 0.304825 0.139886 0.298379 0.139886
6 0.324452 0.126297 0.330929 0.126297 0.330929 0.138595 0.324452 0.138595
