6 0.100534 0.499311 0.111219 0.499311 0.111219 0.523314 0.100534 0.523314
6 0.339497 0.118991 0.364842 0.118991 0.364842 0.137339 0.339497 0.137339
6 0.128849 0.210581 0.140162 0.210581 0.140162 0.236185 0.128849 0.236185
6 0.546715 0.216096 0.561052 0.216096 0.561052 0.273244 0.546715 0.273244
6 0.117715 0.524797 0.128399 0.524797 0.128399 0.544059 0.117715 0.544059
6 0.208228 0.588510 0.223732 0.588510 0.223732 0.605104 0.208228 0.605104
6 0.214303 0.485087 0.221218 0.485087 0.221218 0.497533 0.214303 0.497533
6 0.264589 0.486272 0.272341 0.486272 0.272341 0.500496 0.264589 0.500496
6 0.315293 0.485680 0.323255 0.485680 0.323255 0.498423 0.315293 0.498423
6 0.365160 0.486865 0.372283 0.486865 0.372283 0.500793 0.365160 0.500793
1 0.698009 0.641846 0.856225 0.641846 0.856225 0.667450 0.698009 0.667450
1 0.859123 0.642871 0.978599 0.642871 0.978599 0.667450 0.859123 0.667450
2 0.147705 0.146217 0.169328 0.146217 0.169328 0.176797 0.147705 0.176797
5 0.413333 0.280617 0.437229 0.280617 0.437229 0.322402 0.413333 0.322402
2 0.536287 0.319330 0.560617 0.319330 0.560617 0.346981 0.536287 0.346981
8 0.541979 0.463000 0.642774 0.463000 0.642774 0.547184 0.541979 0.547184
10 0.593634 0.480878 0.641907 0.480878 0.641907 0.498304 0.593634 0.498304
3 0.593634 0.513239 0.633108 0.513239 0.633108 0.531376 0.593634 0.531376
0 0.315057 0.666236 0.980414 0.666236 0.980414 0.972327 0.315057 0.972327
