6 0.551615 0.065276 0.577895 0.065276 0.577895 0.079657 0.551615 0.079657
6 0.540489 0.038147 0.573482 0.038147 0.573482 0.061749 0.540489 0.061749
6 0.433090 0.346836 0.443256 0.346836 0.443256 0.366369 0.433090 0.366369
6 0.308408 0.401096 0.341784 0.401096 0.341784 0.414932 0.308408 0.414932
6 0.301886 0.432296 0.321644 0.432296 0.321644 0.446945 0.301886 0.446945
6 0.171979 0.263633 0.184575 0.263633 0.184575 0.332080 0.171979 0.332080
6 0.137175 0.222847 0.151096 0.222847 0.151096 0.273478 0.137175 0.273478
6 0.228813 0.191500 0.237929 0.191500 0.237929 0.206737 0.228813 0.206737
6 0.227985 0.121959 0.234890 0.121959 0.234890 0.136415 0.227985 0.136415
6 0.279362 0.120397 0.288201 0.120397 0.288201 0.134071 0.279362 0.134071
6 0.531283 0.171357 0.540874 0.171357 0.540874 0.191976 0.531283 0.191976
1 0.707506 0.642013 0.816555 0.642013 0.816555 0.665914 0.707506 0.665914
6 0.178350 0.618677 0.187359 0.618677 0.187359 0.639124 0.178350 0.639124
6 0.239949 0.620455 0.269492 0.620455 0.269492 0.638237 0.239949 0.638237
6 0.305948 0.560595 0.313910 0.560595 0.313910 0.571263 0.305948 0.571263
6 0.336282 0.559913 0.343884 0.559913 0.343884 0.572204 0.336282 0.572204
8 0.366015 0.114516 0.465863 0.114516 0.465863 0.198210 0.366015 0.198210
2 0.600528 0.084811 0.622205 0.084811 0.622205 0.112484 0.600528 0.112484
2 0.545013 0.217349 0.569879 0.217349 0.569879 0.244666 0.545013 0.244666
2 0.420623 0.380747 0.440954 0.380747 0.440954 0.407608 0.420623 0.407608
5 0.313887 0.286824 0.334606 0.286824 0.334606 0.321205 0.313887 0.321205
10 0.423944 0.132559 0.463306 0.132559 0.463306 0.161860 0.423944 0.161860
10 0.423715 0.172929 0.463306 0.172929 0.463306 0.191161 0.423715 0.191161
10 0.504999 0.553641 0.544113 0.553641 0.544113 0.584584 0.504999 0.584584
10 0.503342 0.593491 0.546102 0.593491 0.546102 0.613650 0.503342 0.613650
6 0.365245 0.558377 0.372487 0.558377 0.372487 0.572204 0.365245 0.572204
6 0.394934 0.558377 0.403262 0.558377 0.403262 0.571691 0.394934 0.571691
0 0.315668 0.666626 0.979887 0.666626 0.979887 0.972056 0.315668 0.972056
6 0.166198 0.569782 0.175416 0.569782 0.175416 0.590822 0.166198 0.590822
8 0.444378 0.531125 0.550068 0.531125 0.550068 0.626717 0.444378 0.626717
2 0.561782 0.084267 0.580963 0.084267 0.580963 0.111398 0.561782 0.111398
