2 0.439477 0.099519 0.459172 0.099519 0.459172 0.128561 0.439477 0.128561
6 0.429365 0.592349 0.440227 0.592349 0.440227 0.617542 0.429365 0.617542
6 0.414594 0.545648 0.426325 0.545648 0.426325 0.568384 0.414594 0.568384
6 0.531594 0.361420 0.545416 0.361420 0.545416 0.378091 0.531594 0.378091
6 0.629848 0.228130 0.641372 0.228130 0.641372 0.249170 0.629848 0.249170
6 0.467972 0.078478 0.482848 0.078478 0.482848 0.093295 0.467972 0.093295
6 0.174582 0.253198 0.185747 0.253198 0.185747 0.303551 0.174582 0.303551
6 0.402677 0.218205 0.414744 0.218205 0.414744 0.242528 0.402677 0.242528
8 0.261777 0.148222 0.352894 0.148222 0.352894 0.216072 0.261777 0.216072
10 0.311048 0.167424 0.349478 0.167424 0.349478 0.196444 0.311048 0.196444
2 0.621368 0.313677 0.640575 0.313677 0.640575 0.342489 0.621368 0.342489
10 0.310655 0.199003 0.349273 0.199003 0.349273 0.216072 0.310655 0.216072
10 0.720506 0.512719 0.757465 0.512719 0.757465 0.541316 0.720506 0.541316
10 0.718040 0.552025 0.759362 0.552025 0.759362 0.569930 0.718040 0.569930
1 0.856843 0.636855 0.982945 0.636855 0.982945 0.668292 0.856843 0.668292
8 0.659985 0.493752 0.760556 0.493752 0.760556 0.578031 0.659985 0.578031
6 0.229620 0.222322 0.235487 0.222322 0.235487 0.234175 0.229620 0.234175
0 0.318753 0.670530 0.980168 0.670530 0.980168 0.973154 0.318753 0.973154
6 0.229829 0.186466 0.236533 0.186466 0.236533 0.198614 0.229829 0.198614
6 0.228363 0.150312 0.236325 0.150312 0.236325 0.163943 0.228363 0.163943
6 0.600145 0.535002 0.607187 0.535002 0.607187 0.547092 0.600145 0.547092
6 0.569220 0.534291 0.577014 0.534291 0.577014 0.549228 0.569220 0.549228
6 0.540809 0.535358 0.547094 0.535358 0.547094 0.547448 0.540809 0.547448
6 0.510638 0.536069 0.517175 0.536069 0.517175 0.548873 0.510638 0.548873
6 0.459778 0.593578 0.505396 0.593578 0.505396 0.608940 0.459778 0.608940
5 0.512605 0.216572 0.534599 0.216572 0.534599 0.251234 0.512605 0.251234
