6 0.415256 0.249705 0.429923 0.249705 0.429923 0.265114 0.415256 0.265114
6 0.458627 0.193104 0.465331 0.193104 0.465331 0.206734 0.458627 0.206734
6 0.482302 0.194289 0.489427 0.194289 0.489427 0.207327 0.482302 0.207327
6 0.508283 0.192806 0.516874 0.192806 0.516874 0.206734 0.508283 0.206734
6 0.472492 0.411684 0.487879 0.411684 0.487879 0.430462 0.472492 0.430462
6 0.390874 0.470087 0.402572 0.470087 0.402572 0.489349 0.390874 0.489349
6 0.546619 0.464407 0.558666 0.464407 0.558666 0.532320 0.546619 0.532320
10 0.582287 0.216318 0.629574 0.216318 0.629574 0.230312 0.582287 0.230312
2 0.409208 0.427366 0.429112 0.427366 0.429112 0.456505 0.409208 0.456505
2 0.514493 0.539973 0.536841 0.539973 0.536841 0.566645 0.514493 0.566645
5 0.418286 0.514045 0.438541 0.514045 0.438541 0.546642 0.418286 0.546642
0 0.315899 0.666732 0.980157 0.666732 0.980157 0.971110 0.315899 0.971110
1 0.706735 0.642204 0.815930 0.642204 0.815930 0.666374 0.706735 0.666374
1 0.816975 0.642929 0.975122 0.642929 0.975122 0.666045 0.816975 0.666045
8 0.534893 0.189250 0.631062 0.189250 0.631062 0.257409 0.534893 0.257409
3 0.588252 0.241425 0.622446 0.241425 0.622446 0.255624 0.588252 0.255624
6 0.358057 0.201103 0.369160 0.201103 0.369160 0.223328 0.358057 0.223328
6 0.381103 0.251778 0.391580 0.251778 0.391580 0.271338 0.381103 0.271338
