6 0.198615 0.377678 0.236402 0.377678 0.236402 0.398493 0.198615 0.398493
6 0.203787 0.508757 0.214127 0.508757 0.214127 0.524509 0.203787 0.524509
6 0.178728 0.510445 0.188671 0.510445 0.188671 0.525634 0.178728 0.525634
6 0.154067 0.511009 0.162418 0.511009 0.162418 0.523948 0.154067 0.523948
6 0.212536 0.570641 0.263846 0.570641 0.263846 0.588079 0.212536 0.588079
6 0.098387 0.574569 0.111904 0.574569 0.111904 0.603270 0.098387 0.603270
6 0.078890 0.518882 0.090027 0.518882 0.090027 0.543636 0.078890 0.543636
6 0.228049 0.510445 0.238391 0.510445 0.238391 0.526197 0.228049 0.526197
6 0.082868 0.269664 0.096790 0.269664 0.096790 0.296105 0.082868 0.296105
6 0.315953 0.225220 0.328681 0.225220 0.328681 0.276976 0.315953 0.276976
6 0.234811 0.080639 0.251517 0.080639 0.251517 0.100329 0.234811 0.100329
1 0.846957 0.629555 0.981515 0.629555 0.981515 0.669279 0.846957 0.669279
2 0.303226 0.098641 0.325897 0.098641 0.325897 0.130709 0.303226 0.130709
5 0.220889 0.271913 0.245153 0.271913 0.245153 0.312419 0.220889 0.312419
2 0.100766 0.367552 0.120655 0.367552 0.120655 0.397929 0.100766 0.397929
0 0.315572 0.665402 0.980879 0.665402 0.980879 0.972134 0.315572 0.972134
10 0.509150 0.155689 0.562854 0.155689 0.562854 0.171052 0.509150 0.171052
10 0.509754 0.187267 0.562552 0.187267 0.562552 0.204763 0.509754 0.204763
8 0.463289 0.128379 0.563458 0.128379 0.563458 0.213297 0.463289 0.213297
10 0.374938 0.522944 0.421772 0.522944 0.421772 0.539865 0.374938 0.539865
8 0.323573 0.495314 0.423807 0.495314 0.423807 0.579702 0.323573 0.579702
10 0.379082 0.556476 0.418444 0.556476 0.418444 0.572429 0.379082 0.572429
6 0.464737 0.297066 0.476323 0.297066 0.476323 0.366708 0.464737 0.366708
