2 0.239131 0.362854 0.264714 0.362854 0.264714 0.393650 0.239131 0.393650
6 0.716441 0.424078 0.739590 0.424078 0.739590 0.470092 0.716441 0.470092
6 0.362641 0.316023 0.396528 0.316023 0.396528 0.336301 0.362641 0.336301
6 0.340482 0.321553 0.349172 0.321553 0.349172 0.336301 0.340482 0.336301
6 0.339179 0.475177 0.353082 0.475177 0.353082 0.491768 0.339179 0.491768
6 0.287477 0.454898 0.301380 0.454898 0.301380 0.472104 0.287477 0.472104
12 0.227231 0.319727 0.272955 0.319727 0.272955 0.356681 0.227231 0.356681
7 0.505579 0.324074 0.562928 0.324074 0.562928 0.351725 0.505579 0.351725
4 0.616342 0.434698 0.638864 0.434698 0.638864 0.454163 0.616342 0.454163
4 0.518743 0.448856 0.543142 0.448856 0.543142 0.531147 0.518743 0.531147
2 0.351779 0.349207 0.375240 0.349207 0.375240 0.377472 0.351779 0.377472
0 0.305363 0.663546 0.988608 0.663546 0.988608 0.986178 0.305363 0.986178
2 0.698924 0.362138 0.726451 0.362138 0.726451 0.393108 0.698924 0.393108
1 0.854932 0.632992 0.985564 0.632992 0.985564 0.667395 0.854932 0.667395
1 0.676554 0.625346 0.846824 0.625346 0.846824 0.668670 0.676554 0.668670
11 0.517310 0.406355 0.525564 0.406355 0.525564 0.430319 0.517310 0.430319
2 0.497758 0.400822 0.516875 0.400822 0.516875 0.434620 0.497758 0.434620
2 0.444318 0.366413 0.466042 0.366413 0.466042 0.395907 0.444318 0.395907
5 0.443884 0.325856 0.471255 0.325856 0.471255 0.362726 0.443884 0.362726
2 0.317021 0.332615 0.339613 0.332615 0.339613 0.362726 0.317021 0.362726
4 0.198413 0.446911 0.214488 0.446911 0.214488 0.497298 0.198413 0.497298
7 0.237399 0.281173 0.300587 0.281173 0.300587 0.303295 0.237399 0.303295
3 0.223345 0.405198 0.236408 0.405198 0.236408 0.429064 0.223345 0.429064
