6 0.461437 0.235895 0.477077 0.235895 0.477077 0.286282 0.461437 0.286282
6 0.383243 0.517934 0.395233 0.517934 0.395233 0.532680 0.383243 0.532680
6 0.358218 0.514983 0.370209 0.514983 0.370209 0.535631 0.358218 0.535631
6 0.334235 0.517196 0.340491 0.517196 0.340491 0.535631 0.334235 0.535631
6 0.305560 0.518672 0.317031 0.518672 0.317031 0.538580 0.305560 0.538580
6 0.224749 0.528256 0.239348 0.528256 0.239348 0.551853 0.224749 0.551853
6 0.253946 0.579136 0.265938 0.579136 0.265938 0.604944 0.253946 0.604944
6 0.297219 0.573237 0.316509 0.573237 0.316509 0.587247 0.297219 0.587247
6 0.356297 0.398735 0.371938 0.398735 0.371938 0.412866 0.356297 0.412866
6 0.231606 0.334828 0.242034 0.334828 0.242034 0.355106 0.231606 0.355106
2 0.448403 0.125285 0.473167 0.125285 0.473167 0.156011 0.448403 0.156011
5 0.358035 0.269690 0.382365 0.269690 0.382365 0.305331 0.358035 0.305331
0 0.300246 0.661916 0.991240 0.661916 0.991240 0.993212 0.300246 0.993212
1 0.532767 0.637390 0.699726 0.637390 0.699726 0.669836 0.532767 0.669836
8 0.457770 0.505060 0.579391 0.505060 0.579391 0.605936 0.457770 0.605936
10 0.516709 0.540793 0.569889 0.540793 0.569889 0.555539 0.516709 0.555539
10 0.516709 0.574712 0.565196 0.574712 0.565196 0.592409 0.516709 0.592409
2 0.253764 0.364937 0.277224 0.364937 0.277224 0.393820 0.253764 0.393820
1 0.705666 0.639669 0.833108 0.639669 0.833108 0.668021 0.705666 0.668021
