7 0.427703 0.160261 0.483056 0.160261 0.483056 0.180421 0.427703 0.180421
7 0.381630 0.200578 0.436983 0.200578 0.436983 0.221207 0.381630 0.221207
6 0.497310 0.194485 0.505266 0.194485 0.505266 0.208079 0.497310 0.208079
5 0.393231 0.224490 0.422731 0.224490 0.422731 0.260588 0.393231 0.260588
6 0.535097 0.358101 0.552001 0.358101 0.552001 0.374040 0.535097 0.374040
6 0.528136 0.388573 0.544047 0.388573 0.544047 0.406388 0.528136 0.406388
6 0.500624 0.421388 0.515541 0.421388 0.515541 0.438266 0.500624 0.438266
6 0.458197 0.382477 0.490017 0.382477 0.490017 0.406388 0.458197 0.406388
6 0.274264 0.406197 0.308216 0.406197 0.308216 0.428171 0.274264 0.428171
4 0.411792 0.370757 0.430022 0.370757 0.430022 0.461708 0.411792 0.461708
11 0.379309 0.306062 0.392899 0.306062 0.392899 0.334659 0.379309 0.334659
2 0.397539 0.307000 0.416764 0.307000 0.416764 0.343099 0.397539 0.343099
0 0.311361 0.661420 0.984389 0.661420 0.984389 0.977789 0.311361 0.977789
1 0.855704 0.598568 0.973694 0.598568 0.973694 0.628544 0.855704 0.628544
2 0.465158 0.243711 0.486703 0.243711 0.486703 0.278870 0.465158 0.278870
4 0.205953 0.239023 0.228493 0.239023 0.228493 0.255900 0.205953 0.255900
12 0.582827 0.251679 0.627243 0.251679 0.627243 0.291060 0.582827 0.291060
3 0.577193 0.309344 0.587469 0.309344 0.587469 0.331846 0.577193 0.331846
4 0.593102 0.297155 0.603710 0.297155 0.603710 0.343568 0.593102 0.343568
2 0.579513 0.343568 0.600063 0.343568 0.600063 0.372634 0.579513 0.372634
2 0.511895 0.207612 0.532446 0.207612 0.532446 0.234802 0.511895 0.234802
2 0.470794 0.201047 0.492006 0.201047 0.492006 0.229178 0.470794 0.229178
1 0.821337 0.628544 0.979995 0.628544 0.979995 0.669857 0.821337 0.669857
2 0.308599 0.385305 0.329699 0.385305 0.329699 0.414335 0.308599 0.414335
