2 0.457893 0.627770 0.480144 0.627770 0.480144 0.658428 0.457893 0.658428
6 0.319138 0.190953 0.349521 0.190953 0.349521 0.215174 0.319138 0.215174
6 0.480571 0.414451 0.491840 0.414451 0.491840 0.468365 0.480571 0.468365
6 0.499796 0.387259 0.512391 0.387259 0.512391 0.441173 0.499796 0.441173
6 0.530954 0.425701 0.545870 0.425701 0.545870 0.451018 0.530954 0.451018
6 0.416077 0.628856 0.432189 0.628856 0.432189 0.645946 0.416077 0.645946
6 0.208546 0.407608 0.215835 0.407608 0.215835 0.420629 0.208546 0.420629
6 0.206821 0.481401 0.213727 0.481401 0.213727 0.493882 0.206821 0.493882
6 0.208931 0.550041 0.215452 0.550041 0.215452 0.564690 0.208931 0.564690
6 0.176896 0.650965 0.192625 0.650965 0.192625 0.666974 0.176896 0.666974
6 0.192434 0.702784 0.207204 0.702784 0.207204 0.718791 0.192434 0.718791
6 0.121211 0.588474 0.133542 0.588474 0.133542 0.612102 0.121211 0.612102
5 0.342682 0.387729 0.364890 0.387729 0.364890 0.425235 0.342682 0.425235
0 0.315476 0.666391 0.981615 0.666391 0.981615 0.976971 0.315476 0.976971
1 0.690934 0.636993 0.849952 0.636993 0.849952 0.661410 0.690934 0.661410
6 0.292345 0.079611 0.302288 0.079611 0.302288 0.131570 0.292345 0.131570
6 0.381286 0.133914 0.431558 0.133914 0.431558 0.149932 0.381286 0.149932
12 0.265782 0.315063 0.309205 0.315063 0.309205 0.334753 0.265782 0.334753
2 0.462586 0.274872 0.482087 0.274872 0.482087 0.302455 0.462586 0.302455
2 0.476971 0.226715 0.495995 0.226715 0.495995 0.254751 0.476971 0.254751
2 0.353887 0.231236 0.373549 0.231236 0.373549 0.255656 0.353887 0.255656
4 0.248702 0.150322 0.304221 0.150322 0.304221 0.165951 0.248702 0.165951
3 0.106641 0.441142 0.145037 0.441142 0.145037 0.455206 0.106641 0.455206
10 0.106641 0.406372 0.153875 0.406372 0.153875 0.423561 0.106641 0.423561
8 0.059961 0.388791 0.156085 0.388791 0.156085 0.457160 0.059961 0.457160
6 0.382943 0.153839 0.398965 0.153839 0.398965 0.172591 0.382943 0.172591
1 0.858775 0.632654 0.973291 0.632654 0.973291 0.657612 0.858775 0.657612
