6 0.255888 0.553416 0.266477 0.553416 0.266477 0.598996 0.255888 0.598996
6 0.239783 0.323212 0.254171 0.323212 0.254171 0.353297 0.239783 0.353297
2 0.258551 0.362143 0.281698 0.362143 0.281698 0.395772 0.258551 0.395772
1 0.856251 0.628699 0.978562 0.628699 0.978562 0.658234 0.856251 0.658234
0 0.313559 0.662891 0.981503 0.662891 0.981503 0.973836 0.313559 0.973836
10 0.534163 0.557000 0.577323 0.557000 0.577323 0.572262 0.534163 0.572262
10 0.534029 0.523087 0.587046 0.523087 0.587046 0.538914 0.534029 0.538914
8 0.471568 0.504255 0.588962 0.504255 0.588962 0.590206 0.471568 0.590206
2 0.273841 0.552438 0.293407 0.552438 0.293407 0.578810 0.273841 0.578810
12 0.483930 0.375119 0.520667 0.375119 0.520667 0.392308 0.483930 0.392308
10 0.569328 0.219877 0.607539 0.219877 0.607539 0.234852 0.569328 0.234852
10 0.569328 0.186669 0.616976 0.186669 0.616976 0.202622 0.569328 0.202622
8 0.521616 0.167511 0.618988 0.167511 0.618988 0.239071 0.521616 0.239071
5 0.367638 0.254463 0.391026 0.254463 0.391026 0.292941 0.367638 0.292941
6 0.444007 0.157925 0.450689 0.157925 0.450689 0.173452 0.444007 0.173452
6 0.444962 0.192354 0.452598 0.192354 0.452598 0.208556 0.444962 0.208556
6 0.482191 0.247712 0.495557 0.247712 0.495557 0.272015 0.482191 0.272015
6 0.443527 0.228133 0.452112 0.228133 0.452112 0.242985 0.443527 0.242985
6 0.463489 0.282528 0.476749 0.282528 0.476749 0.332925 0.463489 0.332925
6 0.369851 0.381369 0.419848 0.381369 0.419848 0.398950 0.369851 0.398950
6 0.368746 0.407545 0.384214 0.407545 0.384214 0.422779 0.368746 0.422779
6 0.208240 0.575230 0.218138 0.575230 0.218138 0.597042 0.208240 0.597042
6 0.311132 0.582066 0.337602 0.582066 0.337602 0.597368 0.311132 0.597368
6 0.327936 0.506209 0.335531 0.506209 0.335531 0.518256 0.327936 0.518256
6 0.356708 0.506536 0.364534 0.506536 0.364534 0.519557 0.356708 0.519557
6 0.386171 0.506536 0.394228 0.506536 0.394228 0.519231 0.386171 0.519231
6 0.415635 0.507511 0.423462 0.507511 0.423462 0.519557 0.415635 0.519557
