6 0.479328 0.067129 0.506355 0.067129 0.506355 0.081945 0.479328 0.081945
6 0.169393 0.651076 0.197677 0.651076 0.197677 0.665895 0.169393 0.665895
6 0.114886 0.641079 0.126109 0.641079 0.126109 0.664635 0.114886 0.664635
6 0.187987 0.580573 0.194100 0.580573 0.194100 0.591933 0.187987 0.591933
6 0.216971 0.579090 0.223956 0.579090 0.223956 0.594649 0.216971 0.594649
6 0.246304 0.579090 0.253463 0.579090 0.253463 0.592179 0.246304 0.592179
6 0.262193 0.580573 0.269875 0.580573 0.269875 0.592426 0.262193 0.592426
6 0.520520 0.427508 0.536234 0.427508 0.536234 0.441732 0.520520 0.441732
6 0.558945 0.166105 0.570260 0.166105 0.570260 0.187738 0.558945 0.187738
6 0.476184 0.036309 0.509708 0.036309 0.509708 0.060312 0.476184 0.060312
6 0.396964 0.247303 0.407860 0.247303 0.407860 0.276345 0.396964 0.276345
6 0.374406 0.284775 0.386716 0.284775 0.386716 0.339057 0.374406 0.339057
6 0.253330 0.462458 0.271683 0.462458 0.271683 0.477750 0.253330 0.477750
6 0.237741 0.439344 0.271683 0.439344 0.271683 0.453568 0.237741 0.453568
6 0.120325 0.371422 0.131638 0.371422 0.131638 0.392760 0.120325 0.392760
6 0.352894 0.187574 0.362447 0.187574 0.362447 0.202153 0.352894 0.202153
6 0.301100 0.191130 0.309649 0.191130 0.309649 0.204286 0.301100 0.204286
6 0.350631 0.118585 0.360688 0.118585 0.360688 0.133164 0.350631 0.133164
6 0.303362 0.116807 0.312164 0.116807 0.312164 0.130675 0.303362 0.130675
2 0.133147 0.411962 0.155021 0.411962 0.155021 0.443967 0.133147 0.443967
5 0.237992 0.312037 0.258610 0.312037 0.258610 0.346531 0.237992 0.346531
10 0.208575 0.170148 0.247546 0.170148 0.247546 0.188641 0.208575 0.188641
10 0.204301 0.137789 0.251570 0.137789 0.251570 0.154857 0.204301 0.154857
1 0.859230 0.639543 0.979432 0.639543 0.979432 0.664122 0.859230 0.664122
0 0.315796 0.665718 0.980874 0.665718 0.980874 0.971981 0.315796 0.971981
10 0.435652 0.622605 0.481122 0.622605 0.481122 0.639756 0.435652 0.639756
10 0.432500 0.590537 0.485124 0.590537 0.485124 0.605798 0.432500 0.605798
8 0.380501 0.563217 0.486403 0.563217 0.486403 0.648563 0.380501 0.648563
2 0.545955 0.211742 0.569841 0.211742 0.569841 0.241081 0.545955 0.241081
8 0.152004 0.111829 0.252827 0.111829 0.252827 0.196819 0.152004 0.196819
2 0.538413 0.085501 0.558107 0.085501 0.558107 0.113950 0.538413 0.113950
2 0.498603 0.085206 0.518717 0.085206 0.518717 0.113655 0.498603 0.113655
