6 0.480108 0.499165 0.488394 0.499165 0.488394 0.511355 0.480108 0.511355
6 0.486073 0.565269 0.502316 0.565269 0.502316 0.581676 0.486073 0.581676
6 0.402545 0.555893 0.413152 0.555893 0.413152 0.577458 0.402545 0.577458
6 0.454727 0.211021 0.467580 0.211021 0.467580 0.225670 0.454727 0.225670
6 0.444178 0.183890 0.476212 0.183890 0.476212 0.198541 0.444178 0.198541
6 0.395235 0.154543 0.406838 0.154543 0.406838 0.231505 0.395235 0.231505
6 0.498577 0.129603 0.508360 0.129603 0.508360 0.151306 0.498577 0.151306
8 0.607388 0.454161 0.706827 0.454161 0.706827 0.525423 0.607388 0.525423
0 0.314541 0.663624 0.981495 0.663624 0.981495 0.976681 0.314541 0.976681
10 0.659429 0.508541 0.698209 0.508541 0.698209 0.523075 0.659429 0.523075
1 0.853043 0.631512 0.975552 0.631512 0.975552 0.659076 0.853043 0.659076
2 0.505962 0.361335 0.523528 0.361335 0.523528 0.392746 0.505962 0.392746
2 0.432376 0.334613 0.452264 0.334613 0.452264 0.366023 0.432376 0.366023
1 0.662518 0.641074 0.822813 0.641074 0.822813 0.666952 0.662518 0.666952
10 0.655451 0.480414 0.704177 0.480414 0.704177 0.501509 0.655451 0.501509
2 0.249408 0.342291 0.270092 0.342291 0.270092 0.371546 0.249408 0.371546
2 0.171050 0.415989 0.195711 0.415989 0.195711 0.446367 0.171050 0.446367
2 0.236415 0.548367 0.258633 0.548367 0.258633 0.575046 0.236415 0.575046
12 0.371719 0.392276 0.417128 0.392276 0.417128 0.410092 0.371719 0.410092
10 0.360852 0.081853 0.415328 0.081853 0.415328 0.098133 0.360852 0.098133
2 0.270489 0.353544 0.294354 0.353544 0.294354 0.383360 0.270489 0.383360
6 0.182983 0.322600 0.230316 0.322600 0.230316 0.341166 0.182983 0.341166
6 0.156333 0.459306 0.167869 0.459306 0.167869 0.500375 0.156333 0.500375
6 0.177590 0.563290 0.191816 0.563290 0.191816 0.578662 0.177590 0.578662
6 0.279903 0.440094 0.291173 0.440094 0.291173 0.486507 0.279903 0.486507
6 0.454584 0.305547 0.501652 0.305547 0.501652 0.329456 0.454584 0.329456
6 0.511264 0.431188 0.523860 0.431188 0.523860 0.482288 0.511264 0.482288
6 0.534799 0.444782 0.548057 0.444782 0.548057 0.469630 0.534799 0.469630
6 0.480108 0.427438 0.490051 0.427438 0.490051 0.443846 0.480108 0.443846
6 0.480770 0.462598 0.489056 0.462598 0.489056 0.476193 0.480770 0.476193
