6 0.558736 0.470958 0.585639 0.470958 0.585639 0.486604 0.558736 0.486604
2 0.656768 0.314490 0.676906 0.314490 0.676906 0.342583 0.656768 0.342583
12 0.592150 0.275017 0.634919 0.275017 0.634919 0.316979 0.592150 0.316979
4 0.264065 0.379211 0.285940 0.379211 0.285940 0.395924 0.264065 0.395924
2 0.328179 0.384190 0.352064 0.384190 0.352064 0.411925 0.328179 0.411925
4 0.405603 0.262414 0.422196 0.262414 0.422196 0.339652 0.405603 0.339652
6 0.546166 0.431485 0.585890 0.431485 0.585890 0.454956 0.546166 0.454956
1 0.857777 0.602305 0.971522 0.602305 0.971522 0.626202 0.857777 0.626202
1 0.819157 0.627482 0.978160 0.627482 0.978160 0.665888 0.819157 0.665888
2 0.443834 0.372100 0.462189 0.372100 0.462189 0.400191 0.443834 0.400191
0 0.316042 0.665709 0.979271 0.665709 0.979271 0.970126 0.316042 0.970126
2 0.464200 0.379211 0.482302 0.379211 0.482302 0.406236 0.464200 0.406236
6 0.498871 0.410503 0.508953 0.410503 0.508953 0.424729 0.498871 0.424729
6 0.264820 0.409436 0.310303 0.409436 0.310303 0.433263 0.264820 0.433263
7 0.462625 0.296979 0.515425 0.296979 0.515425 0.314049 0.462625 0.314049
4 0.691490 0.289243 0.702023 0.289243 0.702023 0.332271 0.691490 0.332271
2 0.556473 0.291021 0.577819 0.291021 0.577819 0.319468 0.556473 0.319468
7 0.460816 0.273082 0.514520 0.273082 0.514520 0.290578 0.460816 0.290578
4 0.427929 0.263694 0.444825 0.263694 0.444825 0.339226 0.427929 0.339226
2 0.517823 0.304461 0.539979 0.304461 0.539979 0.334569 0.517823 0.334569
6 0.544368 0.288953 0.551560 0.288953 0.551560 0.300697 0.544368 0.300697
6 0.674643 0.350051 0.685203 0.350051 0.685203 0.373522 0.674643 0.373522
6 0.627351 0.383123 0.640198 0.383123 0.640198 0.399124 0.627351 0.399124
6 0.595192 0.409792 0.610505 0.409792 0.610505 0.424373 0.595192 0.424373
