6 0.247831 0.412871 0.260491 0.412871 0.260491 0.433706 0.247831 0.433706
6 0.418167 0.401802 0.428986 0.401802 0.428986 0.469192 0.418167 0.469192
6 0.313756 0.265455 0.328026 0.265455 0.328026 0.279453 0.313756 0.279453
6 0.382121 0.200994 0.389716 0.200994 0.389716 0.214993 0.382121 0.214993
6 0.356800 0.201645 0.363935 0.201645 0.363935 0.214993 0.356800 0.214993
6 0.332630 0.202296 0.338846 0.202296 0.338846 0.214666 0.332630 0.214666
6 0.247977 0.208691 0.259432 0.208691 0.259432 0.235019 0.247977 0.235019
2 0.392836 0.471536 0.414538 0.471161 0.414809 0.502484 0.393107 0.502859
8 0.422531 0.202221 0.520645 0.202221 0.520645 0.273012 0.422531 0.273012
10 0.469932 0.227535 0.519319 0.227535 0.519319 0.247225 0.469932 0.247225
3 0.475235 0.255196 0.514348 0.255196 0.514348 0.270668 0.475235 0.270668
1 0.705533 0.640839 0.976470 0.640839 0.976470 0.668149 0.705533 0.668149
0 0.315102 0.664274 0.981931 0.664274 0.981931 0.974081 0.315102 0.974081
2 0.275454 0.369896 0.299622 0.369896 0.299622 0.399521 0.275454 0.399521
5 0.300544 0.454216 0.323561 0.454216 0.323561 0.492308 0.300544 0.492308
6 0.270251 0.264804 0.279920 0.264804 0.279920 0.285641 0.270251 0.285641
6 0.344522 0.350467 0.359990 0.350467 0.359990 0.365701 0.344522 0.365701
