6 0.320677 0.486021 0.328642 0.486021 0.328642 0.499335 0.320677 0.499335
6 0.343125 0.486021 0.351452 0.486021 0.351452 0.499335 0.343125 0.499335
6 0.213872 0.547470 0.226181 0.547470 0.226181 0.571026 0.213872 0.571026
6 0.266732 0.553104 0.283024 0.553104 0.283024 0.569490 0.266732 0.569490
6 0.196492 0.499335 0.207717 0.499335 0.207717 0.521867 0.196492 0.521867
2 0.211572 0.340593 0.232993 0.340593 0.232993 0.370036 0.211572 0.370036
8 0.582119 0.165063 0.678666 0.165063 0.678666 0.234407 0.582119 0.234407
10 0.628883 0.191734 0.676906 0.191734 0.676906 0.208442 0.628883 0.208442
10 0.632906 0.217337 0.673135 0.217337 0.673135 0.232274 0.632906 0.232274
8 0.415288 0.492508 0.519076 0.492508 0.519076 0.579560 0.415288 0.579560
10 0.468086 0.519819 0.516662 0.519819 0.516662 0.535607 0.468086 0.535607
10 0.471707 0.551396 0.512740 0.551396 0.512740 0.570172 0.471707 0.570172
0 0.314623 0.664981 0.980452 0.664981 0.980452 0.973464 0.314623 0.973464
5 0.307592 0.239758 0.335745 0.239758 0.335745 0.280462 0.307592 0.280462
2 0.397426 0.373449 0.417943 0.373449 0.417943 0.405027 0.397426 0.405027
1 0.853294 0.631809 0.976391 0.631809 0.976391 0.662022 0.853294 0.662022
6 0.195280 0.304746 0.205841 0.304746 0.205841 0.329497 0.195280 0.329497
6 0.526302 0.218048 0.537113 0.218048 0.537113 0.231207 0.526302 0.231207
6 0.412073 0.227371 0.425835 0.227371 0.425835 0.257455 0.412073 0.257455
6 0.328033 0.354248 0.364539 0.354248 0.364539 0.370890 0.328033 0.370890
6 0.316870 0.387958 0.336480 0.387958 0.336480 0.402893 0.316870 0.402893
6 0.527811 0.182134 0.536359 0.182134 0.536359 0.194935 0.527811 0.194935
6 0.527559 0.147284 0.535102 0.147284 0.535102 0.160796 0.527559 0.160796
6 0.548988 0.263423 0.562022 0.263423 0.562022 0.315140 0.548988 0.315140
6 0.259490 0.486534 0.269627 0.486534 0.269627 0.503943 0.259490 0.503943
6 0.297506 0.485510 0.304385 0.485510 0.304385 0.499335 0.297506 0.499335
