3 0.381775 0.477559 0.416532 0.477559 0.416532 0.492862 0.381775 0.492862
10 0.616935 0.100440 0.679251 0.100440 0.679251 0.116381 0.616935 0.116381
12 0.637209 0.302713 0.668267 0.302483 0.668486 0.361505 0.637428 0.361735
2 0.604671 0.345019 0.624890 0.345019 0.624890 0.373619 0.604671 0.373619
5 0.584264 0.479366 0.607089 0.479366 0.607089 0.514364 0.584264 0.514364
2 0.510221 0.482893 0.531512 0.482893 0.531512 0.512194 0.510221 0.512194
2 0.567578 0.321647 0.589446 0.321647 0.589446 0.349320 0.567578 0.349320
0 0.315834 0.666052 0.980922 0.666052 0.980922 0.973836 0.315834 0.973836
1 0.706391 0.640680 0.817763 0.640680 0.817763 0.669371 0.706391 0.669371
6 0.222321 0.409182 0.233857 0.409182 0.233857 0.430559 0.222321 0.430559
6 0.499596 0.164199 0.510535 0.164199 0.510535 0.222332 0.499596 0.222332
6 0.498271 0.400152 0.509210 0.400152 0.509210 0.424531 0.498271 0.424531
6 0.276051 0.511744 0.291934 0.511744 0.291934 0.528021 0.276051 0.528021
6 0.287630 0.357753 0.297067 0.357753 0.297067 0.370774 0.287630 0.370774
6 0.287169 0.395191 0.294536 0.395191 0.294536 0.407238 0.287169 0.407238
6 0.288551 0.429376 0.295456 0.429376 0.295456 0.441096 0.288551 0.441096
6 0.245045 0.476258 0.258858 0.476258 0.258858 0.491234 0.245045 0.491234
6 0.556070 0.265324 0.570340 0.265324 0.570340 0.279325 0.556070 0.279325
6 0.536964 0.283556 0.566198 0.283556 0.566198 0.305694 0.536964 0.305694
6 0.582153 0.525760 0.596347 0.525760 0.596347 0.540953 0.582153 0.540953
6 0.623855 0.387992 0.636131 0.387992 0.636131 0.435740 0.623855 0.435740
6 0.537383 0.187639 0.572187 0.187639 0.572187 0.203111 0.537383 0.203111
8 0.329294 0.424168 0.423438 0.424168 0.423438 0.494490 0.329294 0.494490
10 0.377171 0.451841 0.420676 0.451841 0.420676 0.468769 0.377171 0.468769
