3 0.553980 0.519122 0.593202 0.519122 0.593202 0.534357 0.553980 0.534357
10 0.550388 0.485914 0.597898 0.485914 0.597898 0.502322 0.550388 0.502322
8 0.502603 0.466771 0.599555 0.466771 0.599555 0.535919 0.502603 0.535919
12 0.672223 0.191127 0.702056 0.191127 0.702056 0.211381 0.672223 0.211381
1 0.855943 0.597296 0.976927 0.597296 0.976927 0.623861 0.855943 0.623861
2 0.295548 0.311454 0.316431 0.311454 0.316431 0.341925 0.295548 0.341925
2 0.492099 0.206918 0.517630 0.206918 0.517630 0.233631 0.492099 0.233631
2 0.298531 0.188624 0.320739 0.188624 0.320739 0.217690 0.298531 0.217690
2 0.477854 0.172685 0.500723 0.172685 0.500723 0.205970 0.477854 0.205970
6 0.453270 0.470847 0.461519 0.470847 0.461519 0.484956 0.453270 0.484956
6 0.402246 0.471120 0.412988 0.471120 0.412988 0.485227 0.402246 0.485227
6 0.357168 0.470034 0.364649 0.470034 0.364649 0.483870 0.357168 0.483870
6 0.286410 0.594959 0.301372 0.594959 0.301372 0.610910 0.286410 0.610910
0 0.312605 0.662891 0.983431 0.662891 0.983431 0.976969 0.312605 0.976969
6 0.454318 0.149712 0.476858 0.149712 0.476858 0.165653 0.454318 0.165653
6 0.502051 0.251447 0.515971 0.251447 0.515971 0.291763 0.502051 0.291763
6 0.398302 0.332080 0.413217 0.332080 0.413217 0.348491 0.398302 0.348491
6 0.279307 0.239724 0.291902 0.239724 0.291902 0.289419 0.279307 0.289419
6 0.616935 0.320520 0.633641 0.320520 0.633641 0.337961 0.616935 0.337961
6 0.254185 0.576076 0.263162 0.576076 0.263162 0.597238 0.254185 0.597238
1 0.818199 0.640513 0.978628 0.640513 0.978628 0.667702 0.818199 0.667702
