6 0.229998 0.382685 0.241136 0.382685 0.241136 0.404625 0.229998 0.404625
6 0.352427 0.412448 0.366928 0.412448 0.366928 0.428399 0.352427 0.428399
8 0.466294 0.480452 0.572562 0.480452 0.572562 0.565641 0.466294 0.565641
10 0.518565 0.507627 0.571154 0.507627 0.571154 0.522775 0.518565 0.522775
6 0.301195 0.540261 0.315912 0.540261 0.315912 0.557138 0.301195 0.557138
6 0.296424 0.482879 0.304378 0.482879 0.304378 0.496942 0.296424 0.496942
2 0.428439 0.370982 0.451907 0.370982 0.451907 0.401923 0.428439 0.401923
5 0.247857 0.273094 0.268938 0.273094 0.268938 0.309661 0.247857 0.309661
6 0.377447 0.483616 0.386195 0.483616 0.386195 0.495336 0.377447 0.495336
8 0.615776 0.182859 0.711237 0.182859 0.711237 0.251304 0.615776 0.251304
6 0.353508 0.483616 0.361105 0.483616 0.361105 0.496638 0.353508 0.496638
6 0.585069 0.299710 0.596386 0.299710 0.596386 0.346916 0.585069 0.346916
6 0.329109 0.484267 0.336935 0.484267 0.336935 0.497615 0.329109 0.497615
6 0.363207 0.378858 0.400595 0.378858 0.400595 0.396860 0.363207 0.396860
6 0.454293 0.263532 0.464236 0.263532 0.464236 0.286035 0.454293 0.286035
10 0.522721 0.541089 0.567159 0.541089 0.567159 0.557366 0.522721 0.557366
0 0.315237 0.666277 0.979848 0.666277 0.979848 0.972206 0.315237 0.972206
10 0.666591 0.234678 0.705148 0.234678 0.705148 0.249057 0.666591 0.249057
10 0.662181 0.209719 0.710135 0.209719 0.710135 0.226538 0.662181 0.226538
6 0.219258 0.495256 0.229600 0.495256 0.229600 0.519446 0.219258 0.519446
6 0.233578 0.549826 0.245511 0.549826 0.245511 0.570641 0.233578 0.570641
2 0.259663 0.368171 0.280149 0.368171 0.280149 0.397796 0.259663 0.397796
