6 0.265601 0.429669 0.279182 0.429669 0.279182 0.444644 0.265601 0.444644
1 0.818763 0.624995 0.978861 0.624995 0.978861 0.666251 0.818763 0.666251
1 0.706066 0.640464 0.817768 0.640464 0.817768 0.667656 0.706066 0.667656
4 0.547506 0.339586 0.566612 0.339586 0.566612 0.354562 0.547506 0.354562
2 0.624158 0.336330 0.646485 0.336330 0.646485 0.365631 0.624158 0.365631
7 0.413149 0.298466 0.468163 0.298466 0.468163 0.318002 0.413149 0.318002
2 0.379542 0.356091 0.400718 0.356091 0.400718 0.385068 0.379542 0.385068
4 0.406243 0.427066 0.423508 0.427066 0.423508 0.511060 0.406243 0.511060
4 0.185497 0.420535 0.200294 0.420535 0.200294 0.463740 0.185497 0.463740
3 0.206976 0.388130 0.216998 0.388130 0.216998 0.412433 0.206976 0.412433
2 0.216605 0.353123 0.236492 0.353123 0.236492 0.381642 0.216605 0.381642
12 0.186773 0.309366 0.233455 0.309366 0.233455 0.344533 0.186773 0.344533
2 0.290356 0.320697 0.311900 0.320697 0.311900 0.348043 0.290356 0.348043
7 0.348914 0.240999 0.404435 0.240999 0.404435 0.261705 0.348914 0.261705
6 0.629913 0.295634 0.657994 0.295634 0.657994 0.318425 0.629913 0.318425
6 0.336037 0.438135 0.369184 0.438135 0.369184 0.461575 0.336037 0.461575
6 0.303581 0.471993 0.316932 0.471993 0.316932 0.489248 0.303581 0.489248
6 0.272736 0.449528 0.285398 0.449528 0.285398 0.463853 0.272736 0.463853
6 0.315492 0.273033 0.324606 0.273033 0.324606 0.289052 0.315492 0.289052
2 0.326540 0.301945 0.349742 0.301945 0.349742 0.333590 0.326540 0.333590
0 0.315468 0.665457 0.980930 0.665457 0.980930 0.973836 0.315468 0.973836
