6 0.374503 0.196454 0.409969 0.196454 0.409969 0.214269 0.374503 0.214269
6 0.351874 0.560709 0.367296 0.560709 0.367296 0.576662 0.351874 0.576662
6 0.596711 0.344998 0.612731 0.344998 0.612731 0.361014 0.596711 0.361014
6 0.617426 0.424303 0.625162 0.424303 0.625162 0.437978 0.617426 0.437978
6 0.617980 0.457903 0.625989 0.457903 0.625989 0.471967 0.617980 0.471967
6 0.617151 0.494625 0.625989 0.494625 0.625989 0.509081 0.617151 0.509081
6 0.651125 0.478609 0.661069 0.478609 0.661069 0.499313 0.651125 0.499313
6 0.649745 0.552056 0.666318 0.552056 0.666318 0.569635 0.649745 0.569635
2 0.363154 0.360486 0.383409 0.360486 0.383409 0.386858 0.363154 0.386858
2 0.315505 0.370581 0.334611 0.370581 0.334611 0.399879 0.315505 0.399879
10 0.269097 0.069874 0.332076 0.069874 0.332076 0.087221 0.269097 0.087221
12 0.341055 0.465643 0.382258 0.465643 0.382258 0.483224 0.341055 0.483224
2 0.421849 0.553873 0.442336 0.553873 0.442336 0.582196 0.421849 0.582196
1 0.854017 0.633960 0.976015 0.633960 0.976015 0.662284 0.854017 0.662284
0 0.313893 0.663297 0.983746 0.663297 0.983746 0.975728 0.313893 0.975728
3 0.747802 0.480172 0.764375 0.480172 0.764375 0.494625 0.747802 0.494625
10 0.731505 0.454777 0.780672 0.454777 0.780672 0.471967 0.731505 0.471967
8 0.683167 0.425866 0.782882 0.425866 0.782882 0.497750 0.683167 0.497750
12 0.441791 0.166918 0.476925 0.166918 0.476925 0.186139 0.441791 0.186139
5 0.303766 0.431461 0.322641 0.431461 0.322641 0.466621 0.303766 0.466621
6 0.371900 0.311328 0.387553 0.311328 0.387553 0.326304 0.371900 0.326304
6 0.383409 0.333791 0.417476 0.333791 0.417476 0.356906 0.383409 0.356906
6 0.285581 0.433087 0.297551 0.433087 0.297551 0.481270 0.285581 0.481270
6 0.432668 0.450017 0.443256 0.450017 0.443256 0.471829 0.432668 0.471829
6 0.446099 0.078314 0.457700 0.078314 0.457700 0.122850 0.446099 0.122850
