6 0.323884 0.575295 0.338591 0.575295 0.338591 0.590668 0.323884 0.590668
6 0.309311 0.506945 0.321243 0.506945 0.321243 0.554202 0.309311 0.554202
6 0.262535 0.493445 0.275899 0.493445 0.275899 0.517073 0.262535 0.517073
6 0.493332 0.153041 0.502282 0.153041 0.502282 0.168512 0.493332 0.168512
6 0.441955 0.153979 0.450573 0.153979 0.450573 0.171326 0.441955 0.171326
6 0.392235 0.151635 0.402511 0.151635 0.402511 0.169920 0.392235 0.169920
6 0.424820 0.612102 0.443049 0.612102 0.443049 0.629683 0.424820 0.629683
6 0.297371 0.216035 0.307867 0.216035 0.307867 0.239865 0.297371 0.239865
6 0.323511 0.226401 0.337431 0.226401 0.337431 0.278159 0.323511 0.278159
3 0.600094 0.511040 0.633174 0.511040 0.633174 0.524071 0.600094 0.524071
2 0.277209 0.553590 0.298628 0.553590 0.298628 0.580721 0.277209 0.580721
3 0.575485 0.195791 0.613183 0.195791 0.613183 0.208791 0.575485 0.208791
10 0.575485 0.170356 0.622906 0.170356 0.622906 0.185051 0.575485 0.185051
8 0.528103 0.143807 0.624228 0.143807 0.624228 0.211316 0.528103 0.211316
2 0.315004 0.324158 0.338871 0.324158 0.338871 0.353224 0.315004 0.353224
1 0.858705 0.640464 0.982010 0.640464 0.982010 0.668595 0.858705 0.668595
0 0.314760 0.664533 0.981519 0.664533 0.981519 0.973162 0.314760 0.973162
8 0.551798 0.456730 0.649855 0.456730 0.649855 0.527443 0.551798 0.527443
10 0.600094 0.477284 0.647383 0.477284 0.647383 0.491570 0.600094 0.491570
6 0.493282 0.478604 0.502873 0.478604 0.502873 0.493677 0.493282 0.493677
6 0.442263 0.482750 0.449990 0.482750 0.449990 0.495561 0.442263 0.495561
6 0.394041 0.479925 0.399371 0.479925 0.399371 0.492170 0.394041 0.492170
