6 0.285083 0.392170 0.301963 0.392170 0.301963 0.409262 0.285083 0.409262
6 0.251187 0.205525 0.260855 0.205525 0.260855 0.221543 0.251187 0.221543
6 0.299526 0.203962 0.311679 0.203962 0.311679 0.220370 0.299526 0.220370
6 0.352283 0.205525 0.360847 0.205525 0.360847 0.221933 0.352283 0.221933
6 0.249920 0.515295 0.258368 0.515295 0.258368 0.529804 0.249920 0.529804
6 0.300003 0.517003 0.308452 0.517003 0.308452 0.532363 0.300003 0.532363
6 0.350994 0.516149 0.360345 0.516149 0.360345 0.529376 0.350994 0.529376
6 0.185052 0.496091 0.196215 0.496091 0.196215 0.544739 0.185052 0.544739
6 0.218844 0.608749 0.232723 0.608749 0.232723 0.623684 0.218844 0.623684
6 0.136174 0.530658 0.147941 0.530658 0.147941 0.553701 0.136174 0.553701
3 0.457855 0.547172 0.486858 0.547172 0.486858 0.562017 0.457855 0.562017
0 0.313940 0.664173 0.981645 0.664173 0.981645 0.975796 0.313940 0.975796
10 0.436882 0.246301 0.474979 0.246301 0.474979 0.260622 0.436882 0.260622
10 0.436749 0.212767 0.484570 0.212767 0.484570 0.228781 0.436749 0.228781
8 0.387510 0.191522 0.488938 0.191522 0.488938 0.265220 0.387510 0.265220
5 0.397453 0.149891 0.419728 0.149891 0.419728 0.188147 0.397453 0.188147
2 0.170570 0.466222 0.190482 0.466222 0.190482 0.496945 0.170570 0.496945
1 0.858885 0.642097 0.979641 0.642097 0.979641 0.664376 0.858885 0.664376
8 0.410017 0.494536 0.502292 0.494536 0.502292 0.563878 0.410017 0.563878
10 0.458131 0.512791 0.496249 0.512791 0.496249 0.529591 0.458131 0.529591
2 0.184773 0.376384 0.204264 0.376384 0.204264 0.405639 0.184773 0.405639
6 0.137440 0.267806 0.148577 0.267806 0.148577 0.296497 0.137440 0.296497
6 0.168067 0.278495 0.180795 0.278495 0.180795 0.332504 0.168067 0.332504
