6 0.367269 0.217458 0.376697 0.217458 0.376697 0.236720 0.367269 0.236720
6 0.401141 0.221161 0.414760 0.221161 0.414760 0.235237 0.401141 0.235237
6 0.445490 0.161894 0.450903 0.161894 0.450903 0.173500 0.445490 0.173500
6 0.468363 0.161894 0.476395 0.161894 0.476395 0.174240 0.468363 0.174240
6 0.494902 0.160905 0.502933 0.160905 0.502933 0.173254 0.494902 0.173254
6 0.536208 0.453604 0.547522 0.453604 0.547522 0.521526 0.536208 0.521526
6 0.377972 0.445073 0.387400 0.445073 0.387400 0.465815 0.377972 0.465815
6 0.353999 0.171030 0.363776 0.171030 0.363776 0.191033 0.353999 0.191033
6 0.458262 0.383275 0.472085 0.383275 0.472085 0.399122 0.458262 0.399122
8 0.555314 0.133989 0.650821 0.133989 0.650821 0.200912 0.555314 0.200912
10 0.601933 0.159918 0.650121 0.159918 0.650121 0.174734 0.601933 0.174734
3 0.608916 0.185600 0.642615 0.185600 0.642615 0.199676 0.608916 0.199676
2 0.497927 0.540699 0.518420 0.540699 0.518420 0.567109 0.497927 0.567109
1 0.819590 0.639942 0.977486 0.639942 0.977486 0.664124 0.819590 0.664124
1 0.709244 0.641906 0.818464 0.641906 0.818464 0.665803 0.709244 0.665803
0 0.315859 0.666188 0.979066 0.666188 0.979066 0.970980 0.315859 0.970980
2 0.399916 0.405706 0.418832 0.405706 0.418832 0.432871 0.399916 0.432871
5 0.403643 0.489523 0.425175 0.489523 0.425175 0.527915 0.403643 0.527915
