10 0.512254 0.531413 0.565476 0.531413 0.565476 0.548312 0.512254 0.548312
8 0.214618 0.134688 0.320193 0.134688 0.320193 0.231164 0.214618 0.231164
4 0.268492 0.167869 0.316284 0.167869 0.316284 0.183846 0.268492 0.183846
5 0.202454 0.271720 0.225914 0.271720 0.225914 0.312891 0.202454 0.312891
6 0.538728 0.061563 0.580436 0.061563 0.580436 0.085527 0.538728 0.085527
6 0.619104 0.207196 0.631269 0.207196 0.631269 0.229318 0.619104 0.229318
6 0.311938 0.384170 0.352343 0.384170 0.352343 0.398919 0.311938 0.398919
6 0.327578 0.410595 0.350171 0.410595 0.350171 0.425955 0.327578 0.425955
6 0.178993 0.338699 0.192027 0.338699 0.192027 0.356519 0.178993 0.356519
6 0.451835 0.285851 0.466172 0.285851 0.466172 0.341156 0.451835 0.341156
6 0.474862 0.252671 0.486593 0.252671 0.486593 0.276021 0.474862 0.276021
6 0.429244 0.229932 0.438801 0.229932 0.438801 0.244066 0.429244 0.244066
6 0.426636 0.160496 0.436195 0.160496 0.436195 0.175859 0.426636 0.175859
6 0.376674 0.232392 0.385798 0.232392 0.385798 0.247753 0.376674 0.247753
6 0.377542 0.158653 0.386232 0.158653 0.386232 0.171558 0.377542 0.171558
6 0.185531 0.568353 0.196427 0.568353 0.196427 0.588800 0.185531 0.588800
6 0.251950 0.553239 0.258864 0.553239 0.258864 0.564797 0.251950 0.564797
6 0.293855 0.557090 0.301187 0.557090 0.301187 0.568353 0.293855 0.568353
6 0.203759 0.631768 0.214655 0.631768 0.214655 0.650143 0.203759 0.650143
6 0.247968 0.630288 0.274578 0.630288 0.274578 0.645402 0.247968 0.645402
6 0.323607 0.556202 0.330939 0.556202 0.330939 0.569833 0.323607 0.569833
6 0.348608 0.555994 0.356210 0.555994 0.356210 0.570844 0.348608 0.570844
6 0.541336 0.088599 0.571313 0.088599 0.571313 0.101505 0.541336 0.101505
1 0.856530 0.628689 0.980091 0.628689 0.980091 0.664083 0.856530 0.664083
0 0.309075 0.660387 0.986555 0.660387 0.986555 0.984037 0.309075 0.984037
10 0.515151 0.566234 0.560409 0.566234 0.560409 0.581084 0.515151 0.581084
2 0.199412 0.365121 0.224177 0.365121 0.224177 0.403834 0.199412 0.403834
8 0.456499 0.503249 0.570908 0.503249 0.570908 0.594398 0.456499 0.594398
2 0.555239 0.108878 0.579567 0.108878 0.579567 0.142675 0.555239 0.142675
2 0.593905 0.104577 0.616932 0.104577 0.616932 0.136531 0.593905 0.136531
2 0.601726 0.252671 0.629531 0.252671 0.629531 0.286466 0.601726 0.286466
10 0.271967 0.200438 0.315849 0.200438 0.315849 0.220102 0.271967 0.220102
