5 0.427404 0.427765 0.448950 0.427765 0.448950 0.467615 0.427404 0.467615
6 0.442718 0.218413 0.487585 0.218413 0.487585 0.246091 0.442718 0.246091
6 0.392931 0.385573 0.405859 0.385573 0.405859 0.437610 0.392931 0.437610
6 0.567009 0.314952 0.577987 0.314952 0.577987 0.332504 0.567009 0.332504
6 0.568917 0.385160 0.577033 0.385160 0.577033 0.403387 0.568917 0.403387
6 0.567963 0.458070 0.577987 0.458070 0.577987 0.474272 0.567963 0.474272
6 0.567963 0.527603 0.579419 0.527603 0.579419 0.547857 0.567963 0.547857
6 0.636696 0.437816 0.649583 0.437816 0.649583 0.463471 0.636696 0.463471
6 0.614262 0.533679 0.627149 0.533679 0.627149 0.557983 0.614262 0.557983
6 0.521187 0.632917 0.537893 0.632917 0.537893 0.652494 0.521187 0.652494
6 0.610742 0.621047 0.627867 0.621047 0.627867 0.636676 0.610742 0.636676
6 0.506677 0.048290 0.554885 0.048290 0.554885 0.069894 0.506677 0.069894
6 0.425057 0.094197 0.437467 0.094197 0.437467 0.146178 0.425057 0.146178
6 0.617412 0.129976 0.628391 0.129976 0.628391 0.156304 0.617412 0.156304
1 0.857544 0.606009 0.976595 0.606009 0.976595 0.631011 0.857544 0.631011
10 0.385440 0.055041 0.456082 0.055041 0.456082 0.075295 0.385440 0.075295
2 0.597843 0.065842 0.623617 0.065842 0.623617 0.099598 0.597843 0.099598
2 0.502858 0.252842 0.527679 0.252842 0.527679 0.285825 0.502858 0.285825
2 0.406853 0.306343 0.433915 0.306343 0.433915 0.337286 0.406853 0.337286
8 0.268965 0.383229 0.371719 0.383229 0.371719 0.470428 0.268965 0.470428
10 0.320718 0.408113 0.368926 0.408113 0.368926 0.425665 0.320718 0.425665
10 0.325015 0.443217 0.367494 0.443217 0.367494 0.458745 0.325015 0.458745
0 0.316000 0.665827 0.980417 0.665827 0.980417 0.971306 0.316000 0.971306
