5 0.448445 0.133689 0.469129 0.133689 0.469129 0.170256 0.448445 0.170256
6 0.302470 0.112874 0.318777 0.112874 0.318777 0.127501 0.302470 0.127501
6 0.329914 0.072368 0.345028 0.072368 0.345028 0.091497 0.329914 0.091497
2 0.202382 0.348892 0.236916 0.348892 0.236916 0.387117 0.202382 0.387117
1 0.852565 0.631512 0.976667 0.631512 0.976667 0.661889 0.852565 0.661889
0 0.313701 0.663836 0.984366 0.663836 0.984366 0.976942 0.313701 0.976942
8 0.480782 0.208962 0.578286 0.208962 0.578286 0.279284 0.480782 0.279284
3 0.516000 0.504509 0.529810 0.504509 0.529810 0.517794 0.516000 0.517794
10 0.498598 0.478336 0.547212 0.478336 0.547212 0.495133 0.498598 0.495133
8 0.451088 0.450987 0.549145 0.450987 0.549145 0.522090 0.451088 0.522090
6 0.346969 0.181149 0.356039 0.181149 0.356039 0.199376 0.346969 0.199376
6 0.396706 0.459015 0.405781 0.459015 0.405781 0.473198 0.396706 0.473198
6 0.345156 0.459690 0.352793 0.459690 0.352793 0.475893 0.345156 0.475893
6 0.182776 0.245955 0.195186 0.245955 0.195186 0.274311 0.182776 0.274311
6 0.222870 0.259458 0.235757 0.259458 0.235757 0.311439 0.222870 0.311439
6 0.295422 0.183849 0.304967 0.183849 0.304967 0.202750 0.295422 0.202750
6 0.295516 0.458338 0.303631 0.458338 0.303631 0.474540 0.295516 0.474540
6 0.216761 0.477917 0.226785 0.477917 0.226785 0.528549 0.216761 0.528549
6 0.180486 0.473191 0.193373 0.473191 0.193373 0.496144 0.180486 0.496144
10 0.528291 0.237092 0.576629 0.237092 0.576629 0.251938 0.528291 0.251938
10 0.545416 0.262095 0.558675 0.262095 0.558675 0.276551 0.545416 0.276551
2 0.224874 0.533950 0.245877 0.533950 0.245877 0.560953 0.224874 0.560953
6 0.396133 0.185198 0.406634 0.185198 0.406634 0.201401 0.396133 0.201401
