6 0.446894 0.471405 0.457943 0.471405 0.457943 0.521543 0.446894 0.521543
6 0.480270 0.437223 0.491089 0.437223 0.491089 0.458058 0.480270 0.458058
6 0.362877 0.569727 0.397175 0.569727 0.397175 0.585353 0.362877 0.585353
6 0.255611 0.458058 0.266431 0.458058 0.266431 0.476616 0.255611 0.476616
10 0.526126 0.134451 0.564329 0.134451 0.564329 0.148694 0.526126 0.148694
6 0.425027 0.386434 0.431242 0.386434 0.431242 0.398805 0.425027 0.398805
6 0.425027 0.348994 0.432162 0.348994 0.432162 0.362668 0.425027 0.362668
6 0.246437 0.172569 0.256668 0.172569 0.256668 0.191785 0.246437 0.191785
6 0.276330 0.159456 0.286879 0.159456 0.286879 0.206480 0.276330 0.206480
6 0.297110 0.188169 0.310376 0.188169 0.310376 0.201282 0.297110 0.201282
6 0.392059 0.110394 0.399253 0.110394 0.399253 0.123055 0.392059 0.123055
6 0.366803 0.109717 0.374637 0.109717 0.374637 0.121473 0.366803 0.121473
6 0.340971 0.110285 0.347734 0.110285 0.347734 0.123224 0.340971 0.123224
6 0.373005 0.604562 0.387046 0.604562 0.387046 0.619538 0.373005 0.619538
10 0.524741 0.102743 0.567517 0.102743 0.567517 0.130960 0.524741 0.130960
0 0.313224 0.662687 0.982122 0.662687 0.982122 0.973633 0.313224 0.973633
8 0.510616 0.439504 0.608462 0.439504 0.608462 0.510389 0.510616 0.510389
8 0.476130 0.079850 0.569602 0.079850 0.569602 0.151860 0.476130 0.151860
2 0.279718 0.074845 0.300799 0.074845 0.300799 0.107472 0.279718 0.107472
2 0.283694 0.552146 0.306942 0.552146 0.306942 0.578191 0.283694 0.578191
1 0.705379 0.638135 0.816725 0.638135 0.816725 0.663798 0.705379 0.663798
3 0.558240 0.493338 0.570388 0.493338 0.570388 0.506226 0.558240 0.506226
10 0.558399 0.459652 0.605714 0.459652 0.605714 0.475252 0.558399 0.475252
5 0.365670 0.467204 0.385810 0.467204 0.385810 0.499985 0.365670 0.499985
6 0.425947 0.420293 0.432393 0.420293 0.432393 0.432990 0.425947 0.432990
