6 0.152090 0.245116 0.163439 0.245116 0.163439 0.266848 0.152090 0.266848
6 0.274741 0.182361 0.281580 0.182361 0.281580 0.195532 0.274741 0.195532
6 0.325230 0.178657 0.334397 0.178657 0.334397 0.193062 0.325230 0.193062
6 0.374847 0.181950 0.383285 0.181950 0.383285 0.194915 0.374847 0.194915
6 0.190327 0.255489 0.201153 0.255489 0.201153 0.304136 0.190327 0.304136
6 0.308114 0.091824 0.324768 0.091824 0.324768 0.106164 0.308114 0.106164
6 0.160698 0.549722 0.171756 0.549722 0.171756 0.570506 0.160698 0.570506
6 0.203766 0.513708 0.213515 0.513708 0.213515 0.560010 0.203766 0.560010
6 0.274770 0.532845 0.281609 0.532845 0.281609 0.545399 0.274770 0.545399
6 0.322641 0.535520 0.330788 0.535520 0.330788 0.547046 0.322641 0.547046
6 0.375021 0.533258 0.382295 0.533258 0.382295 0.544988 0.375021 0.544988
6 0.283356 0.616604 0.297178 0.616604 0.297178 0.630392 0.283356 0.630392
10 0.472892 0.268699 0.512495 0.268699 0.512495 0.284405 0.472892 0.284405
2 0.203521 0.351759 0.224893 0.351759 0.224893 0.379494 0.203521 0.379494
2 0.181941 0.485102 0.201293 0.485102 0.201293 0.512678 0.181941 0.512678
8 0.408736 0.522886 0.499879 0.522886 0.499879 0.589809 0.408736 0.589809
10 0.455355 0.549061 0.498656 0.549061 0.498656 0.564867 0.455355 0.564867
3 0.459720 0.574003 0.493942 0.574003 0.493942 0.589562 0.459720 0.589562
0 0.315753 0.666681 0.978709 0.666681 0.978709 0.972801 0.315753 0.972801
8 0.421982 0.218321 0.517524 0.218321 0.517524 0.285295 0.421982 0.285295
10 0.468495 0.244993 0.516894 0.244993 0.516894 0.259809 0.468495 0.259809
1 0.849259 0.630600 0.977782 0.630600 0.977782 0.664816 0.849259 0.664816
