6 0.555854 0.204129 0.567364 0.204129 0.567364 0.225564 0.555854 0.225564
0 0.312822 0.662146 0.982960 0.662146 0.982960 0.975172 0.312822 0.975172
8 0.459872 0.529357 0.557376 0.529357 0.557376 0.598897 0.459872 0.598897
8 0.361006 0.125109 0.457765 0.125109 0.457765 0.196297 0.361006 0.196297
6 0.474787 0.460597 0.482798 0.460597 0.482798 0.475053 0.474787 0.475053
6 0.450756 0.459816 0.458214 0.459816 0.458214 0.474233 0.450756 0.474233
6 0.424792 0.460208 0.433354 0.460208 0.433354 0.474661 0.424792 0.474661
3 0.425533 0.180554 0.439535 0.180554 0.439535 0.193849 0.425533 0.193849
6 0.509051 0.199519 0.516532 0.199519 0.516532 0.213355 0.509051 0.213355
6 0.508859 0.165876 0.515572 0.165876 0.515572 0.178355 0.508859 0.178355
6 0.310161 0.521935 0.321485 0.521935 0.321485 0.543812 0.310161 0.543812
6 0.341096 0.510566 0.352146 0.510566 0.352146 0.561393 0.341096 0.561393
6 0.381977 0.532054 0.395512 0.532054 0.395512 0.549282 0.381977 0.549282
6 0.345061 0.218345 0.355418 0.218345 0.355418 0.240160 0.345061 0.240160
6 0.454628 0.319923 0.470050 0.319923 0.470050 0.334898 0.454628 0.334898
6 0.533580 0.237881 0.545550 0.237881 0.545550 0.288016 0.533580 0.288016
10 0.408269 0.153152 0.456607 0.153152 0.456607 0.170515 0.408269 0.170515
2 0.371071 0.302992 0.392018 0.302992 0.392018 0.330992 0.371071 0.330992
5 0.446571 0.212487 0.466367 0.212487 0.466367 0.249274 0.446571 0.249274
2 0.357118 0.502791 0.377558 0.502791 0.377558 0.533263 0.357118 0.533263
6 0.509625 0.129521 0.516723 0.129521 0.516723 0.142000 0.509625 0.142000
1 0.855622 0.628089 0.978264 0.628089 0.978264 0.659499 0.855622 0.659499
10 0.507354 0.554860 0.556410 0.554860 0.556410 0.574550 0.507354 0.574550
12 0.548083 0.317317 0.586063 0.317317 0.586063 0.334898 0.548083 0.334898
10 0.525584 0.582521 0.539174 0.582521 0.539174 0.596115 0.525584 0.596115
