7 0.227412 0.285031 0.283530 0.285031 0.283530 0.308075 0.227412 0.308075
0 0.313942 0.663609 0.983380 0.663609 0.983380 0.975259 0.313942 0.975259
4 0.657772 0.258713 0.679979 0.258713 0.679979 0.278401 0.657772 0.278401
2 0.214438 0.350322 0.234050 0.350322 0.234050 0.383607 0.214438 0.383607
2 0.298314 0.366964 0.320038 0.366964 0.320038 0.403662 0.298314 0.403662
2 0.334520 0.381045 0.359259 0.381045 0.359259 0.408783 0.334520 0.408783
12 0.270255 0.236812 0.316718 0.236812 0.316718 0.272230 0.270255 0.272230
2 0.401801 0.285031 0.421413 0.285031 0.421413 0.315329 0.401801 0.315329
11 0.451281 0.318742 0.463954 0.318742 0.463954 0.343067 0.451281 0.343067
2 0.416887 0.333679 0.436196 0.333679 0.436196 0.363123 0.416887 0.363123
4 0.470592 0.352455 0.488090 0.352455 0.488090 0.427134 0.470592 0.427134
7 0.440118 0.229557 0.496538 0.229557 0.496538 0.251318 0.440118 0.251318
6 0.190604 0.313195 0.201466 0.313195 0.201466 0.355868 0.190604 0.355868
6 0.209913 0.321304 0.219870 0.321304 0.219870 0.344347 0.209913 0.344347
6 0.268143 0.372937 0.284737 0.372937 0.284737 0.389153 0.268143 0.389153
6 0.282022 0.401955 0.296805 0.401955 0.296805 0.420731 0.282022 0.420731
6 0.322754 0.404942 0.331804 0.404942 0.331804 0.418597 0.322754 0.418597
5 0.427447 0.360564 0.456109 0.360564 0.456109 0.378486 0.427447 0.378486
6 0.336330 0.410917 0.380380 0.410917 0.380380 0.433106 0.336330 0.433106
6 0.325167 0.437373 0.341459 0.437373 0.341459 0.454869 0.325167 0.454869
1 0.698009 0.638774 0.807712 0.638774 0.807712 0.667450 0.698009 0.667450
1 0.806624 0.625972 0.981496 0.625972 0.981496 0.668986 0.806624 0.668986
