6 0.552764 0.311405 0.560388 0.311405 0.560388 0.323595 0.552764 0.323595
6 0.493528 0.387184 0.528286 0.387184 0.528286 0.402811 0.493528 0.402811
6 0.499743 0.412252 0.513785 0.412252 0.513785 0.428529 0.499743 0.428529
2 0.319054 0.361679 0.341153 0.361679 0.341153 0.390588 0.319054 0.390588
8 0.335006 0.258919 0.433569 0.258919 0.433569 0.330140 0.335006 0.330140
10 0.388026 0.311875 0.426807 0.311875 0.426807 0.326877 0.388026 0.326877
1 0.706590 0.639105 0.836258 0.639105 0.836258 0.668921 0.706590 0.668921
0 0.312890 0.662687 0.981645 0.662687 0.981645 0.972893 0.312890 0.972893
2 0.512865 0.354627 0.533580 0.354627 0.533580 0.382625 0.512865 0.382625
10 0.383718 0.285152 0.432442 0.285152 0.432442 0.302499 0.383718 0.302499
8 0.605798 0.326408 0.703082 0.326408 0.703082 0.395793 0.605798 0.395793
10 0.653970 0.354567 0.701541 0.354567 0.701541 0.370302 0.653970 0.370302
3 0.670467 0.379255 0.683894 0.379255 0.683894 0.392821 0.670467 0.392821
6 0.197794 0.284715 0.208842 0.284715 0.208842 0.308546 0.197794 0.308546
6 0.272926 0.239787 0.281213 0.239787 0.281213 0.255414 0.272926 0.255414
6 0.273479 0.275339 0.280936 0.275339 0.280936 0.289013 0.273479 0.289013
6 0.271821 0.310890 0.280660 0.310890 0.280660 0.324954 0.271821 0.324954
6 0.274306 0.367148 0.308281 0.367148 0.308281 0.385510 0.274306 0.385510
6 0.275964 0.399574 0.291156 0.399574 0.291156 0.414811 0.275964 0.414811
6 0.217958 0.368321 0.228454 0.368321 0.228454 0.389025 0.217958 0.389025
6 0.552100 0.240617 0.560388 0.240617 0.560388 0.252337 0.552100 0.252337
6 0.551770 0.277184 0.559393 0.277184 0.559393 0.289371 0.551770 0.289371
