10 0.282671 0.187177 0.321084 0.187177 0.321084 0.201582 0.282671 0.201582
6 0.307450 0.350411 0.342370 0.350411 0.342370 0.366052 0.307450 0.366052
6 0.316617 0.375929 0.332331 0.375929 0.332331 0.390542 0.316617 0.390542
6 0.196858 0.250327 0.208382 0.250327 0.208382 0.272305 0.196858 0.272305
6 0.286614 0.521567 0.294325 0.521567 0.294325 0.534328 0.286614 0.534328
6 0.312659 0.520745 0.319933 0.520745 0.319933 0.533505 0.312659 0.533505
6 0.336957 0.521362 0.344233 0.521362 0.344233 0.533916 0.336957 0.533916
6 0.238018 0.613353 0.251840 0.613353 0.251840 0.626316 0.238018 0.626316
6 0.192766 0.585571 0.201787 0.585571 0.201787 0.607796 0.192766 0.607796
6 0.221284 0.570547 0.231033 0.570547 0.231033 0.617262 0.221284 0.617262
1 0.854011 0.635036 0.973689 0.635036 0.973689 0.658861 0.854011 0.658861
8 0.425027 0.516490 0.525247 0.516490 0.525247 0.583660 0.425027 0.583660
6 0.371281 0.215987 0.377392 0.215987 0.377392 0.229775 0.371281 0.229775
6 0.371426 0.179562 0.379721 0.179562 0.379721 0.192939 0.371426 0.192939
6 0.370990 0.145402 0.377830 0.145402 0.377830 0.157748 0.370990 0.157748
2 0.232779 0.565196 0.254604 0.565196 0.254604 0.593389 0.232779 0.593389
10 0.471645 0.541679 0.524724 0.541679 0.524724 0.558718 0.471645 0.558718
10 0.476184 0.567854 0.519485 0.567854 0.519485 0.582673 0.476184 0.582673
0 0.315357 0.666188 0.979802 0.666188 0.979802 0.972859 0.315357 0.972859
5 0.235269 0.245140 0.256396 0.245140 0.256396 0.279712 0.235269 0.279712
2 0.216711 0.338870 0.238050 0.338870 0.238050 0.365793 0.216711 0.365793
6 0.406178 0.264269 0.417332 0.264269 0.417332 0.311773 0.406178 0.311773
10 0.279615 0.161454 0.326903 0.161454 0.326903 0.177092 0.279615 0.177092
8 0.232805 0.135643 0.328138 0.135643 0.328138 0.202615 0.232805 0.202615
6 0.430937 0.229775 0.441558 0.229775 0.441558 0.250150 0.430937 0.250150
