6 0.519870 0.588628 0.536631 0.588628 0.536631 0.603742 0.519870 0.603742
6 0.539032 0.191425 0.592615 0.191425 0.592615 0.210370 0.539032 0.210370
6 0.468432 0.287182 0.484724 0.287182 0.484724 0.301519 0.468432 0.301519
6 0.336644 0.424930 0.349677 0.424930 0.349677 0.480747 0.336644 0.480747
6 0.375384 0.442854 0.386607 0.442854 0.386607 0.495597 0.375384 0.495597
6 0.512239 0.451558 0.524187 0.451558 0.524187 0.465897 0.512239 0.465897
6 0.512605 0.487404 0.522738 0.487404 0.522738 0.501742 0.512605 0.501742
6 0.514050 0.522225 0.523101 0.522225 0.523101 0.537588 0.514050 0.537588
6 0.542290 0.452583 0.556048 0.452583 0.556048 0.473065 0.542290 0.473065
6 0.483749 0.304289 0.524814 0.304289 0.524814 0.325329 0.483749 0.325329
6 0.428644 0.321478 0.441635 0.321478 0.441635 0.335109 0.428644 0.335109
6 0.455338 0.586555 0.465603 0.586555 0.465603 0.607298 0.455338 0.607298
6 0.378642 0.132022 0.389504 0.132022 0.389504 0.161722 0.378642 0.161722
2 0.384956 0.363974 0.410660 0.363974 0.410660 0.396589 0.384956 0.396589
2 0.370677 0.331732 0.392762 0.331732 0.392762 0.361432 0.370677 0.361432
12 0.401452 0.432612 0.436932 0.432612 0.436932 0.450022 0.401452 0.450022
5 0.445989 0.455143 0.469518 0.455143 0.469518 0.493036 0.445989 0.493036
3 0.649668 0.599688 0.662589 0.599688 0.662589 0.613270 0.649668 0.613270
10 0.632731 0.574993 0.680573 0.574993 0.680573 0.591292 0.632731 0.591292
8 0.585764 0.548321 0.681271 0.548321 0.681271 0.615738 0.585764 0.615738
2 0.443101 0.322366 0.461958 0.322366 0.461958 0.359112 0.443101 0.359112
1 0.857481 0.606480 0.976656 0.606480 0.976656 0.630660 0.857481 0.630660
0 0.316277 0.666069 0.980452 0.666069 0.980452 0.971601 0.316277 0.971601
2 0.462586 0.328590 0.481024 0.328590 0.481024 0.357039 0.462586 0.357039
2 0.394211 0.185278 0.416296 0.185278 0.416296 0.213442 0.394211 0.213442
10 0.384435 0.076717 0.421726 0.076717 0.421726 0.096691 0.384435 0.096691
6 0.545911 0.062893 0.557134 0.062893 0.557134 0.145336 0.545911 0.145336
