6 0.504561 0.486149 0.516455 0.486149 0.516455 0.552346 0.504561 0.552346
6 0.520676 0.411541 0.530841 0.411541 0.530841 0.477467 0.520676 0.477467
10 0.602589 0.240764 0.681218 0.240764 0.681218 0.253587 0.602589 0.253587
10 0.617667 0.214860 0.665492 0.214860 0.665492 0.228336 0.617667 0.228336
8 0.550544 0.187030 0.682134 0.187030 0.682134 0.271884 0.550544 0.271884
1 0.819415 0.639427 0.978066 0.639427 0.978066 0.664862 0.819415 0.664862
1 0.707664 0.642424 0.816648 0.642424 0.816648 0.663803 0.707664 0.663803
0 0.316184 0.666604 0.980357 0.666604 0.980357 0.971812 0.316184 0.971812
2 0.503795 0.377627 0.524512 0.377627 0.524512 0.406928 0.503795 0.406928
2 0.489025 0.405573 0.506672 0.405573 0.506672 0.430261 0.489025 0.430261
6 0.408006 0.215914 0.413287 0.215914 0.413287 0.225162 0.408006 0.225162
11 0.409766 0.143372 0.426109 0.143372 0.426109 0.161863 0.409766 0.161863
2 0.321375 0.483437 0.342475 0.483437 0.342475 0.509753 0.321375 0.509753
2 0.316196 0.408827 0.339598 0.408827 0.339598 0.437044 0.316196 0.437044
2 0.417246 0.168045 0.439803 0.168045 0.439803 0.205486 0.417246 0.205486
2 0.441184 0.159257 0.463282 0.159257 0.463282 0.197678 0.441184 0.197678
10 0.623125 0.254765 0.660590 0.254765 0.660590 0.270073 0.623125 0.270073
6 0.409263 0.106388 0.435160 0.106388 0.435160 0.134836 0.409263 0.134836
6 0.454269 0.119190 0.467845 0.119190 0.467845 0.139816 0.454269 0.139816
6 0.386636 0.210581 0.392418 0.210581 0.392418 0.219470 0.386636 0.219470
6 0.435914 0.210225 0.443710 0.210225 0.443710 0.222317 0.435914 0.222317
6 0.458040 0.215203 0.463828 0.215203 0.463828 0.227649 0.458040 0.227649
6 0.295032 0.220663 0.309350 0.220663 0.309350 0.249918 0.295032 0.249918
6 0.312533 0.276921 0.325658 0.276921 0.325658 0.300549 0.312533 0.300549
6 0.361457 0.285922 0.389697 0.285922 0.389697 0.304487 0.361457 0.304487
6 0.274348 0.420377 0.287075 0.420377 0.287075 0.463696 0.274348 0.463696
6 0.310250 0.450065 0.320224 0.450065 0.320224 0.471226 0.310250 0.471226
6 0.407501 0.499715 0.423039 0.499715 0.423039 0.514908 0.407501 0.514908
