6 0.342942 0.403019 0.357332 0.403019 0.357332 0.428679 0.342942 0.428679
6 0.333557 0.527784 0.371721 0.527784 0.371721 0.541057 0.333557 0.541057
2 0.239713 0.325150 0.270994 0.325150 0.270994 0.353466 0.239713 0.353466
6 0.205304 0.293295 0.253477 0.293295 0.253477 0.326921 0.205304 0.326921
6 0.252851 0.359661 0.270369 0.359661 0.270369 0.410982 0.252851 0.410982
6 0.506231 0.274712 0.520619 0.274712 0.520619 0.294180 0.506231 0.294180
6 0.516744 0.329502 0.524348 0.329502 0.524348 0.341792 0.516744 0.341792
6 0.254729 0.242857 0.284758 0.242857 0.284758 0.264095 0.254729 0.264095
11 0.271620 0.460535 0.290388 0.460535 0.290388 0.486197 0.271620 0.486197
8 0.543768 0.318072 0.647623 0.318072 0.647623 0.399480 0.543768 0.399480
3 0.598206 0.379173 0.636585 0.379173 0.636585 0.391463 0.598206 0.391463
1 0.688100 0.636200 0.971885 0.636200 0.971885 0.666993 0.688100 0.666993
0 0.311974 0.660622 0.986150 0.660622 0.986150 0.981297 0.311974 0.981297
10 0.593138 0.351009 0.640566 0.351009 0.640566 0.365859 0.593138 0.365859
2 0.324173 0.288870 0.347946 0.288870 0.347946 0.324265 0.324173 0.324265
4 0.212186 0.496814 0.269743 0.496814 0.269743 0.510087 0.212186 0.510087
1 0.187787 0.516282 0.267241 0.516282 0.267241 0.531326 0.187787 0.531326
6 0.516383 0.364836 0.525434 0.364836 0.525434 0.379173 0.516383 0.379173
6 0.517469 0.399144 0.524348 0.399144 0.524348 0.413483 0.517469 0.413483
6 0.463161 0.451376 0.472574 0.451376 0.472574 0.474419 0.463161 0.474419
6 0.469677 0.516921 0.486331 0.516921 0.486331 0.528188 0.469677 0.528188
