6 0.553152 0.136851 0.563162 0.136851 0.563162 0.151009 0.553152 0.151009
6 0.502476 0.135080 0.511861 0.135080 0.511861 0.149238 0.502476 0.149238
10 0.248404 0.508728 0.288633 0.508728 0.288633 0.522242 0.248404 0.522242
10 0.642015 0.158058 0.695599 0.158058 0.695599 0.175469 0.642015 0.175469
10 0.642015 0.184175 0.683651 0.184175 0.683651 0.199025 0.642015 0.199025
2 0.440097 0.414915 0.467614 0.414915 0.467614 0.447690 0.440097 0.447690
2 0.475579 0.420029 0.502010 0.420029 0.502010 0.456906 0.475579 0.456906
2 0.579126 0.403650 0.604471 0.403650 0.604471 0.438471 0.579126 0.438471
8 0.196612 0.453609 0.295924 0.453609 0.295924 0.526509 0.196612 0.526509
1 0.855519 0.638641 0.974888 0.638641 0.974888 0.669434 0.855519 0.669434
0 0.314975 0.668372 0.986899 0.668372 0.986899 0.982678 0.314975 0.982678
8 0.591929 0.128851 0.697785 0.128851 0.697785 0.208488 0.591929 0.208488
5 0.584195 0.322230 0.600125 0.322230 0.600125 0.339640 0.584195 0.339640
10 0.245387 0.480992 0.291650 0.480992 0.291650 0.501260 0.245387 0.501260
2 0.429236 0.560859 0.453855 0.560859 0.453855 0.591069 0.429236 0.591069
6 0.158772 0.582789 0.171519 0.582789 0.171519 0.598345 0.158772 0.598345
6 0.091026 0.561551 0.102724 0.561551 0.102724 0.580073 0.091026 0.580073
6 0.126121 0.543524 0.138519 0.543524 0.138519 0.555871 0.126121 0.555871
6 0.168724 0.496851 0.175534 0.496851 0.175534 0.508457 0.168724 0.508457
6 0.170121 0.460549 0.176407 0.460549 0.176407 0.471662 0.170121 0.471662
6 0.169598 0.423752 0.175709 0.423752 0.175709 0.437334 0.169598 0.437334
6 0.371308 0.570075 0.389773 0.570075 0.389773 0.586461 0.371308 0.586461
6 0.458562 0.467148 0.471958 0.467148 0.471958 0.493263 0.458562 0.493263
6 0.515404 0.451785 0.530250 0.451785 0.530250 0.470733 0.515404 0.470733
6 0.350670 0.437958 0.363704 0.437958 0.363704 0.461514 0.350670 0.461514
6 0.605194 0.321717 0.617142 0.321717 0.617142 0.344761 0.605194 0.344761
6 0.448279 0.209410 0.485191 0.209410 0.485191 0.229753 0.448279 0.229753
6 0.478078 0.298781 0.494970 0.298781 0.494970 0.319134 0.478078 0.319134
6 0.528753 0.135080 0.537512 0.135080 0.537512 0.148353 0.528753 0.148353
