8 0.437116 0.481069 0.540534 0.481069 0.540534 0.568737 0.437116 0.568737
6 0.441231 0.213299 0.454811 0.213299 0.454811 0.264412 0.441231 0.264412
6 0.229620 0.309390 0.239564 0.309390 0.239564 0.333769 0.229620 0.333769
6 0.345964 0.360491 0.361874 0.360491 0.361874 0.376430 0.345964 0.376430
6 0.237243 0.500290 0.248514 0.500290 0.248514 0.523263 0.237243 0.523263
6 0.253154 0.552796 0.264424 0.552796 0.264424 0.573425 0.253154 0.573425
6 0.296908 0.542954 0.311491 0.542954 0.311491 0.558423 0.296908 0.558423
6 0.302873 0.491384 0.310829 0.491384 0.310829 0.503104 0.302873 0.503104
6 0.327734 0.490914 0.336020 0.490914 0.336020 0.505926 0.327734 0.505926
6 0.354250 0.491384 0.363200 0.491384 0.363200 0.505917 0.354250 0.505917
6 0.378447 0.492320 0.386733 0.492320 0.386733 0.505448 0.378447 0.505448
2 0.430643 0.104236 0.451820 0.104236 0.451820 0.133537 0.430643 0.133537
5 0.246193 0.253602 0.268733 0.253602 0.268733 0.290169 0.246193 0.290169
2 0.254149 0.345489 0.273704 0.345489 0.273704 0.374555 0.254149 0.374555
10 0.489819 0.507322 0.537881 0.507322 0.537881 0.524669 0.489819 0.524669
10 0.493797 0.541076 0.533573 0.541076 0.533573 0.559361 0.493797 0.559361
0 0.312846 0.662958 0.981616 0.662958 0.981616 0.974008 0.312846 0.974008
1 0.696025 0.637441 0.858310 0.637441 0.858310 0.666468 0.696025 0.666468
1 0.858456 0.639332 0.980021 0.639332 0.980021 0.667695 0.858456 0.667695
