8 0.395319 0.207238 0.494426 0.207238 0.494426 0.278495 0.395319 0.278495
0 0.314226 0.663162 0.980588 0.663162 0.980588 0.972622 0.314226 0.972622
1 0.817151 0.641524 0.976361 0.641524 0.976361 0.667027 0.817151 0.667027
1 0.708938 0.641988 0.808929 0.641988 0.808929 0.667383 0.708938 0.667383
3 0.448353 0.260213 0.485808 0.260213 0.485808 0.275682 0.448353 0.275682
10 0.444043 0.233960 0.492437 0.233960 0.492437 0.252712 0.444043 0.252712
6 0.253121 0.216144 0.264390 0.216144 0.264390 0.238179 0.253121 0.238179
6 0.319745 0.207704 0.326374 0.207704 0.326374 0.221771 0.319745 0.221771
6 0.343942 0.207704 0.352892 0.207704 0.352892 0.222707 0.343942 0.222707
6 0.367807 0.207238 0.379408 0.207238 0.379408 0.221771 0.367807 0.221771
6 0.264390 0.263962 0.274004 0.263962 0.274004 0.286466 0.264390 0.286466
6 0.325381 0.281309 0.340628 0.281309 0.340628 0.296311 0.325381 0.296311
6 0.252817 0.399262 0.263590 0.399262 0.263590 0.422313 0.252817 0.422313
6 0.331539 0.347303 0.351703 0.347303 0.351703 0.363319 0.331539 0.363319
6 0.401939 0.401611 0.414982 0.401611 0.414982 0.466996 0.401939 0.466996
5 0.276933 0.440629 0.300799 0.440629 0.300799 0.480573 0.276933 0.480573
2 0.401454 0.510133 0.379204 0.509803 0.379425 0.479962 0.401675 0.480291
