10 0.153983 0.250179 0.189182 0.250179 0.189182 0.264995 0.153983 0.264995
6 0.213788 0.384881 0.225793 0.384881 0.225793 0.397400 0.213788 0.397400
6 0.260424 0.184337 0.266201 0.184337 0.266201 0.196783 0.260424 0.196783
6 0.259162 0.220254 0.266956 0.220254 0.266956 0.234122 0.259162 0.234122
6 0.259665 0.254748 0.266956 0.254748 0.266956 0.267905 0.259665 0.267905
2 0.271963 0.313091 0.294802 0.313091 0.294802 0.341836 0.271963 0.341836
2 0.220003 0.310128 0.239697 0.310128 0.239697 0.340058 0.220003 0.340058
8 0.103068 0.198319 0.195678 0.198319 0.195678 0.267071 0.103068 0.267071
10 0.150629 0.224990 0.193792 0.224990 0.193792 0.241287 0.150629 0.241287
1 0.855393 0.641930 0.963000 0.641930 0.963000 0.666708 0.855393 0.666708
0 0.317352 0.669361 0.982644 0.669361 0.982644 0.974908 0.317352 0.974908
8 0.562547 0.199763 0.662646 0.199763 0.662646 0.277189 0.562547 0.277189
10 0.611074 0.229731 0.659265 0.229731 0.659265 0.245733 0.611074 0.245733
3 0.615475 0.255513 0.655283 0.255513 0.655283 0.270034 0.615475 0.270034
5 0.564194 0.142828 0.587727 0.142828 0.587727 0.179698 0.564194 0.179698
2 0.453891 0.322990 0.474216 0.322990 0.474216 0.351734 0.453891 0.351734
6 0.204079 0.354282 0.236136 0.354282 0.236136 0.367617 0.204079 0.367617
6 0.190879 0.319315 0.200097 0.319315 0.200097 0.339170 0.190879 0.339170
6 0.500195 0.333657 0.513186 0.333657 0.513186 0.349956 0.500195 0.349956
6 0.480559 0.307716 0.517852 0.307716 0.517852 0.324103 0.480559 0.324103
6 0.436027 0.228856 0.446889 0.228856 0.446889 0.250876 0.436027 0.250876
6 0.526903 0.253437 0.534505 0.253437 0.534505 0.269311 0.526903 0.269311
6 0.526540 0.221176 0.535953 0.221176 0.535953 0.235513 0.526540 0.235513
6 0.526179 0.182770 0.535953 0.182770 0.535953 0.198133 0.526179 0.198133
