6 0.449978 0.379956 0.457575 0.379956 0.457575 0.392327 0.449978 0.392327
0 0.313539 0.660718 0.983597 0.660718 0.983597 0.975687 0.313539 0.975687
1 0.704607 0.638832 0.818014 0.638832 0.818014 0.667184 0.704607 0.667184
10 0.620452 0.493481 0.668100 0.493481 0.668100 0.510409 0.620452 0.510409
6 0.496935 0.420000 0.507984 0.420000 0.507984 0.439209 0.496935 0.439209
6 0.469543 0.432046 0.480363 0.432046 0.480363 0.452881 0.469543 0.452881
6 0.484276 0.504647 0.497855 0.504647 0.497855 0.519623 0.484276 0.519623
6 0.423737 0.557714 0.438469 0.557714 0.438469 0.572363 0.423737 0.572363
6 0.449518 0.451253 0.458035 0.451253 0.458035 0.463626 0.449518 0.463626
6 0.324989 0.397535 0.336037 0.397535 0.336037 0.446696 0.324989 0.446696
6 0.429261 0.294983 0.456424 0.294983 0.456424 0.317448 0.429261 0.317448
6 0.381844 0.245172 0.414531 0.245172 0.414531 0.259823 0.381844 0.259823
6 0.349848 0.213919 0.359747 0.213919 0.359747 0.261451 0.349848 0.261451
6 0.320154 0.225965 0.330513 0.225965 0.330513 0.243544 0.320154 0.243544
6 0.450438 0.414139 0.458035 0.414139 0.458035 0.427163 0.450438 0.427163
2 0.343403 0.129272 0.363198 0.129272 0.363198 0.157271 0.343403 0.157271
10 0.320965 0.108316 0.382617 0.108316 0.382617 0.125194 0.320965 0.125194
12 0.326831 0.317772 0.368493 0.317772 0.368493 0.337958 0.326831 0.337958
2 0.342483 0.344144 0.364349 0.344144 0.364349 0.371817 0.342483 0.371817
2 0.408084 0.332097 0.429032 0.332097 0.429032 0.359446 0.408084 0.359446
5 0.400258 0.489995 0.420744 0.489995 0.420744 0.522552 0.400258 0.522552
8 0.571909 0.465832 0.669916 0.465832 0.669916 0.536154 0.571909 0.536154
10 0.636335 0.518873 0.649685 0.518873 0.649685 0.533198 0.636335 0.533198
