6 0.469135 0.184197 0.479542 0.184197 0.479542 0.196299 0.469135 0.196299
6 0.165273 0.245334 0.181957 0.245334 0.181957 0.263031 0.165273 0.263031
3 0.573232 0.317150 0.610958 0.317150 0.610958 0.334557 0.573232 0.334557
10 0.571955 0.284141 0.612076 0.284141 0.612076 0.302003 0.571955 0.302003
10 0.568119 0.250907 0.616232 0.250907 0.616232 0.268541 0.568119 0.268541
10 0.568439 0.200489 0.616073 0.200489 0.616073 0.217446 0.568439 0.217446
2 0.150048 0.388570 0.170349 0.388570 0.170349 0.417508 0.150048 0.417508
2 0.150368 0.464308 0.168911 0.464308 0.168911 0.491667 0.150368 0.491667
0 0.315794 0.665941 0.980484 0.665941 0.980484 0.971306 0.315794 0.971306
1 0.707335 0.641988 0.816162 0.641988 0.816162 0.666601 0.707335 0.666601
8 0.516768 0.157496 0.617532 0.157496 0.617532 0.342675 0.516768 0.342675
6 0.126870 0.423162 0.137260 0.423162 0.137260 0.457753 0.126870 0.457753
6 0.442617 0.184744 0.449015 0.184744 0.449015 0.195972 0.442617 0.195972
6 0.417640 0.184088 0.424038 0.184088 0.424038 0.196081 0.417640 0.196081
6 0.392586 0.184961 0.398136 0.184961 0.398136 0.195972 0.392586 0.195972
6 0.363431 0.183149 0.370145 0.183149 0.370145 0.195131 0.363431 0.195131
6 0.338014 0.181340 0.344888 0.181340 0.344888 0.194906 0.338014 0.194906
6 0.311799 0.181792 0.319153 0.181792 0.319153 0.195131 0.311799 0.195131
6 0.261209 0.183420 0.270157 0.183420 0.270157 0.194673 0.261209 0.194673
6 0.235355 0.179671 0.244967 0.179671 0.244967 0.196079 0.235355 0.196079
6 0.211820 0.180607 0.219444 0.180607 0.219444 0.195610 0.211820 0.195610
6 0.326508 0.262182 0.348716 0.262182 0.348716 0.281403 0.326508 0.281403
6 0.113708 0.190922 0.124977 0.190922 0.124977 0.212487 0.113708 0.212487
6 0.128291 0.237804 0.140556 0.237804 0.140556 0.261243 0.128291 0.261243
