10 0.572251 0.315266 0.612304 0.315266 0.612304 0.333171 0.572251 0.333171
3 0.572251 0.349775 0.611153 0.349775 0.611153 0.367032 0.572251 0.367032
8 0.509579 0.187441 0.617833 0.187441 0.617833 0.374819 0.509579 0.374819
10 0.572022 0.282059 0.611382 0.282059 0.611382 0.300290 0.572022 0.300290
10 0.568108 0.232898 0.615755 0.232898 0.615755 0.249502 0.568108 0.249502
6 0.072133 0.539741 0.082030 0.539741 0.082030 0.588902 0.072133 0.588902
6 0.260612 0.563065 0.284478 0.563065 0.284478 0.581817 0.260612 0.581817
6 0.456513 0.261079 0.469877 0.261079 0.469877 0.282680 0.456513 0.282680
6 0.432169 0.283358 0.447920 0.283358 0.447920 0.300910 0.432169 0.300910
6 0.406395 0.198295 0.415464 0.198295 0.415464 0.215847 0.406395 0.215847
6 0.382052 0.200319 0.389212 0.200319 0.389212 0.212472 0.382052 0.212472
6 0.354845 0.198295 0.365346 0.198295 0.365346 0.215172 0.354845 0.215172
6 0.310457 0.199644 0.317616 0.199644 0.317616 0.213822 0.310457 0.213822
6 0.284681 0.198295 0.293751 0.198295 0.293751 0.213147 0.284681 0.213147
6 0.259861 0.199644 0.270363 0.199644 0.270363 0.215172 0.259861 0.215172
6 0.219290 0.199644 0.228837 0.199644 0.228837 0.217874 0.219290 0.217874
6 0.193994 0.200319 0.204495 0.200319 0.204495 0.216522 0.193994 0.216522
6 0.168695 0.198970 0.178719 0.198970 0.178719 0.216522 0.168695 0.216522
6 0.144830 0.199644 0.158196 0.199644 0.158196 0.216522 0.144830 0.216522
6 0.087104 0.206234 0.101425 0.206234 0.101425 0.234589 0.087104 0.234589
2 0.089627 0.529649 0.111033 0.529649 0.111033 0.559277 0.089627 0.559277
2 0.092996 0.453800 0.115093 0.453800 0.115093 0.483491 0.092996 0.483491
0 0.313448 0.663464 0.981678 0.663464 0.981678 0.974061 0.313448 0.974061
1 0.705762 0.640310 0.818459 0.640310 0.818459 0.668437 0.705762 0.668437
