10 0.194922 0.171115 0.242275 0.171115 0.242275 0.185931 0.194922 0.185931
10 0.194503 0.204008 0.242275 0.204008 0.242275 0.219417 0.194503 0.219417
10 0.197857 0.236606 0.238504 0.236606 0.238504 0.254090 0.197857 0.254090
3 0.199114 0.270982 0.237455 0.270982 0.237455 0.287874 0.199114 0.287874
2 0.272762 0.401570 0.293715 0.401570 0.293715 0.431410 0.272762 0.431410
2 0.267671 0.525252 0.288622 0.525252 0.288622 0.553239 0.267671 0.553239
0 0.316042 0.665965 0.980229 0.665965 0.980229 0.972187 0.316042 0.972187
1 0.854315 0.634748 0.974661 0.634748 0.974661 0.660556 0.854315 0.660556
6 0.386845 0.215269 0.393759 0.215269 0.393759 0.229790 0.386845 0.229790
6 0.258827 0.251127 0.269932 0.251127 0.269932 0.273648 0.258827 0.273648
6 0.336350 0.214676 0.344103 0.214676 0.344103 0.228309 0.336350 0.228309
6 0.820132 0.229485 0.830782 0.229485 0.830782 0.248747 0.820132 0.248747
6 0.777635 0.211942 0.784406 0.211942 0.784406 0.223660 0.777635 0.223660
6 0.725902 0.213370 0.732470 0.213370 0.732470 0.225090 0.725902 0.225090
6 0.676391 0.210798 0.684272 0.210798 0.684272 0.223089 0.676391 0.223089
6 0.624005 0.211896 0.630795 0.211896 0.630795 0.226122 0.624005 0.226122
6 0.539525 0.541367 0.558148 0.541367 0.558148 0.555772 0.539525 0.555772
6 0.252683 0.454872 0.263159 0.454872 0.263159 0.502409 0.252683 0.502409
6 0.330416 0.301369 0.345251 0.301369 0.345251 0.314881 0.330416 0.314881
6 0.487835 0.215269 0.495377 0.215269 0.495377 0.230382 0.487835 0.230382
6 0.436501 0.213195 0.444464 0.213195 0.444464 0.228902 0.436501 0.228902
5 0.252122 0.155409 0.274960 0.155409 0.274960 0.190377 0.252122 0.190377
8 0.142873 0.144465 0.243886 0.144465 0.243886 0.296040 0.142873 0.296040
