6 0.178639 0.183771 0.193831 0.183771 0.193831 0.198747 0.178639 0.198747
6 0.407358 0.125474 0.413752 0.125474 0.413752 0.137910 0.407358 0.137910
6 0.441885 0.120273 0.449078 0.120273 0.449078 0.134291 0.441885 0.134291
6 0.476573 0.119821 0.483285 0.119821 0.483285 0.132934 0.476573 0.132934
6 0.251878 0.264141 0.298107 0.264141 0.298107 0.279064 0.251878 0.279064
6 0.326113 0.242438 0.335512 0.242438 0.335512 0.258445 0.326113 0.258445
6 0.249949 0.334865 0.257315 0.334865 0.257315 0.349190 0.249949 0.349190
6 0.301970 0.332586 0.310717 0.332586 0.310717 0.346260 0.301970 0.346260
6 0.251791 0.403558 0.259617 0.403558 0.259617 0.417883 0.251791 0.417883
6 0.301050 0.406490 0.308185 0.406490 0.308185 0.419511 0.301050 0.419511
6 0.169846 0.481043 0.180434 0.481043 0.180434 0.501880 0.169846 0.501880
6 0.098948 0.440672 0.108847 0.440672 0.108847 0.491461 0.098948 0.491461
6 0.114154 0.541976 0.124375 0.541976 0.124375 0.564635 0.114154 0.564635
6 0.313032 0.584560 0.336511 0.584560 0.336511 0.602141 0.313032 0.602141
6 0.509807 0.423500 0.521739 0.423500 0.521739 0.456316 0.509807 0.456316
6 0.631242 0.227642 0.658736 0.227642 0.658736 0.240982 0.631242 0.240982
6 0.627320 0.197008 0.659740 0.197008 0.659740 0.220150 0.627320 0.220150
6 0.125235 0.180515 0.133983 0.180515 0.133983 0.200375 0.125235 0.200375
8 0.510236 0.068116 0.616857 0.068116 0.616857 0.170464 0.510236 0.170464
10 0.562187 0.094502 0.615418 0.094502 0.615418 0.110327 0.562187 0.110327
3 0.573857 0.120726 0.602949 0.120726 0.602949 0.134744 0.573857 0.134744
10 0.567462 0.144918 0.610623 0.144918 0.610623 0.161422 0.567462 0.161422
8 0.073166 0.255056 0.176254 0.255056 0.176254 0.342254 0.073166 0.342254
10 0.131839 0.275619 0.172695 0.275619 0.172695 0.303834 0.131839 0.303834
10 0.133564 0.315227 0.172121 0.315227 0.172121 0.333948 0.133564 0.333948
2 0.299643 0.265498 0.319783 0.265498 0.319783 0.301311 0.299643 0.301311
5 0.343362 0.350467 0.363802 0.350467 0.363802 0.389144 0.343362 0.389144
2 0.185268 0.427325 0.211969 0.427325 0.211969 0.457276 0.185268 0.457276
2 0.127137 0.573621 0.148406 0.573621 0.148406 0.603312 0.127137 0.603312
2 0.642757 0.249763 0.663472 0.249763 0.663472 0.278413 0.642757 0.278413
2 0.688396 0.252685 0.709817 0.252685 0.709817 0.281275 0.688396 0.281275
6 0.724153 0.308882 0.732952 0.308882 0.732952 0.318662 0.724153 0.318662
6 0.100631 0.129369 0.113041 0.129369 0.113041 0.153672 0.100631 0.153672
2 0.698353 0.295358 0.720609 0.295358 0.720609 0.321819 0.698353 0.321819
0 0.318635 0.669739 0.982740 0.669739 0.982740 0.974753 0.318635 0.974753
1 0.858254 0.638568 0.979613 0.638568 0.979613 0.666222 0.858254 0.666222
6 0.184161 0.119918 0.192752 0.119918 0.192752 0.134095 0.184161 0.134095
6 0.216140 0.121268 0.225210 0.121268 0.225210 0.136795 0.216140 0.136795
