2 0.428522 0.235409 0.451172 0.235409 0.451172 0.266340 0.428522 0.266340
12 0.165699 0.254741 0.209829 0.254741 0.209829 0.292300 0.165699 0.292300
1 0.674749 0.625537 0.836147 0.625537 0.836147 0.669282 0.674749 0.669282
0 0.314496 0.663807 0.981543 0.663807 0.981543 0.974269 0.314496 0.974269
1 0.834459 0.639855 0.958740 0.639855 0.958740 0.669282 0.834459 0.669282
4 0.706535 0.250653 0.730357 0.250653 0.730357 0.268328 0.706535 0.268328
4 0.150799 0.332576 0.162189 0.332576 0.162189 0.363261 0.150799 0.363261
1 0.371505 0.430387 0.416415 0.430387 0.416415 0.445300 0.371505 0.445300
2 0.576921 0.349192 0.596056 0.349192 0.596056 0.378466 0.576921 0.378466
11 0.623003 0.331517 0.636280 0.331517 0.636280 0.358031 0.623003 0.358031
4 0.625736 0.260266 0.637062 0.260266 0.637062 0.316604 0.625736 0.316604
2 0.581998 0.295614 0.601524 0.295614 0.601524 0.325994 0.581998 0.325994
2 0.465232 0.240380 0.487881 0.240380 0.487881 0.270208 0.465232 0.270208
10 0.291839 0.250322 0.332453 0.250322 0.332453 0.267446 0.291839 0.267446
6 0.499598 0.437015 0.523419 0.437015 0.523419 0.453585 0.499598 0.453585
6 0.371897 0.492250 0.392984 0.492250 0.392984 0.509925 0.371897 0.509925
6 0.325033 0.435910 0.339873 0.435910 0.339873 0.451928 0.325033 0.451928
6 0.232870 0.417131 0.246147 0.417131 0.246147 0.433701 0.232870 0.433701
6 0.451563 0.211659 0.463279 0.211659 0.463279 0.227678 0.451563 0.227678
