2 0.423754 0.285953 0.444390 0.285953 0.444390 0.317189 0.423754 0.317189
6 0.474609 0.482905 0.508300 0.482905 0.508300 0.506376 0.474609 0.506376
6 0.441673 0.459436 0.457512 0.459436 0.457512 0.475793 0.441673 0.475793
6 0.350908 0.536248 0.369513 0.536248 0.369513 0.552605 0.350908 0.552605
6 0.276485 0.490375 0.291069 0.490375 0.291069 0.504954 0.276485 0.504954
4 0.744389 0.296923 0.763749 0.296923 0.763749 0.311502 0.744389 0.311502
2 0.568642 0.328928 0.588002 0.328928 0.588002 0.355242 0.568642 0.355242
4 0.587751 0.273452 0.602333 0.273452 0.602333 0.346708 0.587751 0.346708
4 0.653121 0.289811 0.664435 0.289811 0.664435 0.342441 0.653121 0.342441
11 0.651361 0.368045 0.662926 0.368045 0.662926 0.391159 0.651361 0.391159
2 0.624710 0.364134 0.645328 0.364134 0.645328 0.393292 0.624710 0.393292
10 0.231866 0.296195 0.279294 0.296195 0.279294 0.314117 0.231866 0.314117
0 0.313494 0.662327 0.981455 0.662327 0.981455 0.973137 0.313494 0.973137
1 0.327525 0.477927 0.373032 0.477927 0.373032 0.493575 0.327525 0.493575
2 0.574676 0.403607 0.593785 0.403607 0.593785 0.431343 0.574676 0.431343
5 0.584734 0.434543 0.611637 0.434543 0.611637 0.468682 0.584734 0.468682
2 0.474358 0.430987 0.493718 0.430987 0.493718 0.459436 0.474358 0.459436
2 0.387187 0.280319 0.407462 0.280319 0.407462 0.315140 0.387187 0.315140
12 0.107681 0.277247 0.153662 0.277247 0.153662 0.311558 0.107681 0.311558
1 0.801411 0.625868 0.962164 0.625868 0.962164 0.667859 0.801411 0.667859
6 0.410720 0.266495 0.420133 0.266495 0.420133 0.282881 0.410720 0.282881
6 0.179436 0.452680 0.192509 0.452680 0.192509 0.467259 0.179436 0.467259
4 0.095009 0.367368 0.105146 0.367368 0.105146 0.397586 0.095009 0.397586
1 0.811187 0.597194 0.933198 0.597194 0.933198 0.624845 0.811187 0.624845
