6 0.565851 0.348358 0.586715 0.348358 0.586715 0.368269 0.565851 0.368269
6 0.559071 0.388181 0.599233 0.388181 0.599233 0.411775 0.559071 0.411775
6 0.177221 0.402828 0.236330 0.402828 0.236330 0.438468 0.177221 0.438468
4 0.058578 0.208902 0.088824 0.208902 0.088824 0.233208 0.058578 0.233208
4 0.356304 0.135021 0.381744 0.135021 0.381744 0.251676 0.356304 0.251676
7 0.376243 0.112661 0.456004 0.112661 0.456004 0.141826 0.376243 0.141826
7 0.433558 0.086573 0.511947 0.086573 0.511947 0.115263 0.433558 0.115263
4 0.385411 0.138892 0.405307 0.138892 0.405307 0.246344 0.385411 0.246344
2 0.413662 0.228341 0.438730 0.228341 0.438730 0.269969 0.413662 0.269969
2 0.451067 0.209213 0.478125 0.209213 0.478125 0.250845 0.451067 0.250845
1 0.747806 0.474908 0.976425 0.474908 0.976425 0.532671 0.747806 0.532671
2 0.540198 0.164771 0.568449 0.164771 0.568449 0.207524 0.540198 0.207524
5 0.325934 0.334350 0.365573 0.334350 0.365573 0.384490 0.325934 0.384490
4 0.674857 0.327712 0.692071 0.327712 0.692071 0.399976 0.674857 0.399976
3 0.648781 0.275359 0.665469 0.275359 0.665469 0.306327 0.648781 0.306327
2 0.626352 0.218581 0.655039 0.218581 0.655039 0.259873 0.626352 0.259873
12 0.632090 0.099121 0.695198 0.099121 0.695198 0.154425 0.632090 0.154425
2 0.172441 0.352438 0.203299 0.352438 0.203299 0.394227 0.172441 0.394227
6 0.384349 0.347623 0.429204 0.347623 0.429204 0.380068 0.384349 0.380068
11 0.281084 0.273146 0.299335 0.273146 0.299335 0.310017 0.281084 0.310017
6 0.521894 0.119200 0.532240 0.119200 0.532240 0.137767 0.521894 0.137767
1 0.801231 0.435961 0.974910 0.435961 0.974910 0.474316 0.801231 0.474316
0 0.034424 0.529685 0.981243 0.529685 0.981243 0.971587 0.034424 0.971587
2 0.307138 0.266891 0.336430 0.266891 0.336430 0.323170 0.307138 0.323170
6 0.455803 0.387442 0.494920 0.387442 0.494920 0.410301 0.455803 0.410301
6 0.512654 0.422835 0.534560 0.422835 0.534560 0.444959 0.512654 0.444959
