1 0.811199 0.597206 0.933867 0.597206 0.933867 0.625559 0.811199 0.625559
0 0.312150 0.665310 0.980778 0.665310 0.980778 0.972980 0.312150 0.972980
12 0.122875 0.131258 0.170605 0.131258 0.170605 0.167714 0.122875 0.167714
4 0.105878 0.214439 0.116467 0.214439 0.116467 0.244717 0.105878 0.244717
10 0.251584 0.147700 0.298770 0.147700 0.298770 0.163650 0.251584 0.163650
1 0.344808 0.143793 0.388081 0.143793 0.388081 0.157141 0.344808 0.157141
2 0.421228 0.135327 0.442175 0.135327 0.442175 0.164954 0.421228 0.164954
2 0.458288 0.142489 0.476932 0.142489 0.476932 0.169838 0.458288 0.169838
2 0.544413 0.174219 0.562795 0.174219 0.562795 0.202252 0.544413 0.202252
2 0.578940 0.185750 0.598119 0.185750 0.598119 0.213783 0.578940 0.213783
4 0.633840 0.120225 0.650015 0.120225 0.650015 0.200578 0.633840 0.200578
4 0.660711 0.204647 0.672034 0.204647 0.672034 0.254185 0.660711 0.254185
11 0.640696 0.215849 0.650862 0.215849 0.650862 0.238367 0.640696 0.238367
2 0.591399 0.229415 0.609430 0.229415 0.609430 0.257358 0.591399 0.257358
6 0.498846 0.322651 0.535030 0.322651 0.535030 0.346872 0.498846 0.346872
6 0.445080 0.086737 0.453135 0.086737 0.453135 0.099761 0.445080 0.099761
6 0.196615 0.295585 0.210811 0.295585 0.210811 0.308962 0.196615 0.308962
5 0.601756 0.277436 0.629571 0.277436 0.629571 0.311350 0.601756 0.311350
6 0.367144 0.366055 0.387033 0.366055 0.387033 0.381681 0.367144 0.381681
6 0.302155 0.330721 0.316157 0.330721 0.316157 0.345370 0.302155 0.345370
4 0.883988 0.282322 0.905468 0.282322 0.905468 0.300885 0.883988 0.300885
1 0.801606 0.626863 0.962044 0.626863 0.962044 0.666909 0.801606 0.666909
