2 0.413881 0.135837 0.434431 0.135837 0.434431 0.168183 0.413881 0.168183
2 0.377087 0.131149 0.398965 0.131149 0.398965 0.161621 0.377087 0.161621
2 0.493626 0.172240 0.512960 0.172240 0.512960 0.201541 0.493626 0.201541
2 0.464859 0.264507 0.485676 0.264507 0.485676 0.296938 0.464859 0.296938
5 0.571876 0.276967 0.599331 0.276967 0.599331 0.313239 0.571876 0.313239
2 0.567221 0.233050 0.587335 0.233050 0.587335 0.260610 0.567221 0.260610
11 0.600535 0.214083 0.611221 0.214083 0.611221 0.239569 0.600535 0.239569
1 0.287924 0.141930 0.332341 0.141930 0.332341 0.157402 0.287924 0.157402
4 0.214009 0.148962 0.226935 0.148962 0.226935 0.163495 0.214009 0.163495
12 0.099321 0.132085 0.146721 0.132085 0.146721 0.168183 0.099321 0.168183
1 0.811803 0.597603 0.932728 0.597603 0.932728 0.624231 0.811803 0.624231
1 0.801664 0.626280 0.962054 0.626280 0.962054 0.667245 0.801664 0.667245
0 0.314850 0.665646 0.981560 0.665646 0.981560 0.973580 0.314850 0.973580
4 0.823728 0.278527 0.844582 0.278527 0.844582 0.295119 0.823728 0.295119
4 0.101519 0.214386 0.113586 0.214386 0.113586 0.243546 0.101519 0.243546
6 0.341760 0.354545 0.360768 0.354545 0.360768 0.370762 0.341760 0.370762
6 0.267842 0.316567 0.282625 0.316567 0.282625 0.332356 0.267842 0.332356
6 0.433651 0.287192 0.446224 0.287192 0.446224 0.302898 0.433651 0.302898
6 0.464661 0.310897 0.500070 0.310897 0.500070 0.334013 0.464661 0.334013
6 0.400291 0.100675 0.409903 0.100675 0.409903 0.114272 0.400291 0.114272
6 0.162112 0.289064 0.175437 0.289064 0.175437 0.303643 0.162112 0.303643
4 0.629020 0.127995 0.640484 0.127995 0.640484 0.182189 0.629020 0.182189
4 0.603072 0.123299 0.620874 0.123299 0.620874 0.197124 0.603072 0.197124
2 0.552184 0.178491 0.570686 0.178491 0.570686 0.208962 0.552184 0.208962
