4 0.639950 0.309632 0.662037 0.309632 0.662037 0.331652 0.639950 0.331652
4 0.090510 0.366991 0.101007 0.366991 0.101007 0.396292 0.090510 0.396292
10 0.179453 0.319330 0.220058 0.319330 0.220058 0.335346 0.179453 0.335346
4 0.531219 0.307375 0.548124 0.307375 0.548124 0.358943 0.531219 0.358943
1 0.858473 0.600477 0.979456 0.600477 0.979456 0.626260 0.858473 0.626260
1 0.819029 0.624855 0.979126 0.624855 0.979126 0.666110 0.819029 0.666110
0 0.314972 0.665077 0.980749 0.665077 0.980749 0.973135 0.314972 0.973135
1 0.231556 0.271367 0.275890 0.271367 0.275890 0.289269 0.231556 0.289269
12 0.100455 0.272448 0.142716 0.272448 0.142716 0.308000 0.100455 0.308000
6 0.150700 0.422390 0.163128 0.422390 0.163128 0.436846 0.150700 0.436846
6 0.294223 0.454582 0.313116 0.454582 0.313116 0.470520 0.294223 0.470520
6 0.370458 0.407700 0.404931 0.407700 0.404931 0.435360 0.370458 0.435360
2 0.492105 0.335034 0.513651 0.335034 0.513651 0.364569 0.492105 0.364569
5 0.489786 0.418014 0.519287 0.418014 0.519287 0.453643 0.489786 0.453643
2 0.479179 0.383791 0.498073 0.383791 0.498073 0.415670 0.479179 0.415670
11 0.516634 0.366913 0.530556 0.366913 0.530556 0.392697 0.516634 0.392697
